# 
# Partial phonon density of states for q along a band structure path
# 
# Energy in Ha      , DOS in states/Ha
# Gaussian method with smearing =     0.2278167626E-04Ha      , nq =      71
# 
# omega     PHDOS 
#
   0.00000000E+00   1.05070309E+05
   4.55633525E-06   1.02991297E+05
   9.11267051E-06   9.69970889E+04
   1.36690058E-05   8.77745271E+04
   1.82253410E-05   7.63246216E+04
   2.27816763E-05   6.37872323E+04
   2.73380115E-05   5.12615593E+04
   3.18943468E-05   3.96622834E+04
   3.64506820E-05   2.96367182E+04
   4.10070173E-05   2.15489647E+04
   4.55633525E-05   1.55194761E+04
   5.01196878E-05   1.14974784E+04
   5.46760230E-05   9.34100587E+03
   5.92323583E-05   8.88361848E+03
   6.37886935E-05   9.97523761E+03
   6.83450288E-05   1.24938422E+04
   7.29013640E-05   1.63326951E+04
   7.74576993E-05   2.13730490E+04
   8.20140345E-05   2.74544596E+04
   8.65703698E-05   3.43539350E+04
   9.11267051E-05   4.17815269E+04
   9.56830403E-05   4.93944351E+04
   1.00239376E-04   5.68256586E+04
   1.04795711E-04   6.37185413E+04
   1.09352046E-04   6.97569752E+04
   1.13908381E-04   7.46834098E+04
   1.18464717E-04   7.83024539E+04
   1.23021052E-04   8.04745152E+04
   1.27577387E-04   8.11086084E+04
   1.32133722E-04   8.01637920E+04
   1.36690058E-04   7.76641919E+04
   1.41246393E-04   7.37250127E+04
   1.45802728E-04   6.85797231E+04
   1.50359063E-04   6.25950942E+04
   1.54915399E-04   5.62627034E+04
   1.59471734E-04   5.01621750E+04
   1.64028069E-04   4.49000556E+04
   1.68584404E-04   4.10354085E+04
   1.73140740E-04   3.90065117E+04
   1.77697075E-04   3.90719088E+04
   1.82253410E-04   4.12748024E+04
   1.86809745E-04   4.54345904E+04
   1.91366081E-04   5.11651154E+04
   1.95922416E-04   5.79166997E+04
   2.00478751E-04   6.50377804E+04
   2.05035086E-04   7.18508410E+04
   2.09591422E-04   7.77354581E+04
   2.14147757E-04   8.22086668E+04
   2.18704092E-04   8.49905479E+04
   2.23260427E-04   8.60425726E+04
   2.27816763E-04   8.55691027E+04
   2.32373098E-04   8.39787280E+04
   2.36929433E-04   8.18105399E+04
   2.41485768E-04   7.96386082E+04
   2.46042104E-04   7.79732348E+04
   2.50598439E-04   7.71782482E+04
   2.55154774E-04   7.74194641E+04
   2.59711109E-04   7.86518254E+04
   2.64267445E-04   8.06439851E+04
   2.68823780E-04   8.30316102E+04
   2.73380115E-04   8.53861105E+04
   2.77936450E-04   8.72844369E+04
   2.82492786E-04   8.83676591E+04
   2.87049121E-04   8.83802555E+04
   2.91605456E-04   8.71872602E+04
   2.96161791E-04   8.47714489E+04
   3.00718127E-04   8.12165859E+04
   3.05274462E-04   7.66846029E+04
   3.09830797E-04   7.13940359E+04
   3.14387132E-04   6.56043341E+04
   3.18943468E-04   5.96066855E+04
   3.23499803E-04   5.37181924E+04
   3.28056138E-04   4.82740116E+04
   3.32612473E-04   4.36123635E+04
   3.37168809E-04   4.00500537E+04
   3.41725144E-04   3.78503359E+04
   3.46281479E-04   3.71889884E+04
   3.50837814E-04   3.81268155E+04
   3.55394150E-04   4.05965203E+04
   3.59950485E-04   4.44090374E+04
   3.64506820E-04   4.92798388E+04
   3.69063155E-04   5.48708199E+04
   3.73619491E-04   6.08394872E+04
   3.78175826E-04   6.68853060E+04
   3.82732161E-04   7.27836248E+04
   3.87288496E-04   7.84004097E+04
   3.91844832E-04   8.36855056E+04
   3.96401167E-04   8.86473568E+04
   4.00957502E-04   9.33169232E+04
   4.05513837E-04   9.77116895E+04
   4.10070173E-04   1.01811110E+05
   4.14626508E-04   1.05552107E+05
   4.19182843E-04   1.08847819E+05
   4.23739179E-04   1.11626177E+05
   4.28295514E-04   1.13879229E+05
   4.32851849E-04   1.15711257E+05
   4.37408184E-04   1.17374316E+05
   4.41964520E-04   1.19283047E+05
   4.46520855E-04   1.22004425E+05
   4.51077190E-04   1.26220648E+05
   4.55633525E-04   1.32664137E+05
   4.60189861E-04   1.42024018E+05
   4.64746196E-04   1.54826168E+05
   4.69302531E-04   1.71296105E+05
   4.73858866E-04   1.91225269E+05
   4.78415202E-04   2.13872694E+05
   4.82971537E-04   2.37939481E+05
   4.87527872E-04   2.61646727E+05
   4.92084207E-04   2.82926779E+05
   4.96640543E-04   2.99706841E+05
   5.01196878E-04   3.10233163E+05
   5.05753213E-04   3.13365113E+05
   5.10309548E-04   3.08770322E+05
   5.14865884E-04   2.96975814E+05
   5.19422219E-04   2.79267835E+05
   5.23978554E-04   2.57471542E+05
   5.28534889E-04   2.33667316E+05
   5.33091225E-04   2.09906079E+05
   5.37647560E-04   1.87972897E+05
   5.42203895E-04   1.69225094E+05
   5.46760230E-04   1.54508848E+05
   5.51316566E-04   1.44144604E+05
   5.55872901E-04   1.37968075E+05
   5.60429236E-04   1.35416224E+05
   5.64985571E-04   1.35650152E+05
   5.69541907E-04   1.37704951E+05
   5.74098242E-04   1.40650292E+05
   5.78654577E-04   1.43738468E+05
   5.83210912E-04   1.46514155E+05
   5.87767248E-04   1.48865625E+05
   5.92323583E-04   1.51010452E+05
   5.96879918E-04   1.53425808E+05
   6.01436253E-04   1.56748068E+05
   6.05992589E-04   1.61672993E+05
   6.10548924E-04   1.68883139E+05
   6.15105259E-04   1.79014628E+05
   6.19661594E-04   1.92655731E+05
   6.24217930E-04   2.10352305E+05
   6.28774265E-04   2.32587158E+05
   6.33330600E-04   2.59706477E+05
   6.37886935E-04   2.91786495E+05
   6.42443271E-04   3.28462034E+05
   6.46999606E-04   3.68765645E+05
   6.51555941E-04   4.11040648E+05
   6.56112276E-04   4.52985129E+05
   6.60668612E-04   4.91855011E+05
   6.65224947E-04   5.24809555E+05
   6.69781282E-04   5.49335795E+05
   6.74337617E-04   5.63656110E+05
   6.78893953E-04   5.67018342E+05
   6.83450288E-04   5.59794290E+05
   6.88006623E-04   5.43362732E+05
   6.92562958E-04   5.19810795E+05
   6.97119294E-04   4.91533548E+05
   7.01675629E-04   4.60831752E+05
   7.06231964E-04   4.29597295E+05
   7.10788299E-04   3.99141461E+05
   7.15344635E-04   3.70176715E+05
   7.19900970E-04   3.42923017E+05
   7.24457305E-04   3.17285677E+05
   7.29013640E-04   2.93046633E+05
   7.33569976E-04   2.70021798E+05
   7.38126311E-04   2.48156721E+05
   7.42682646E-04   2.27554296E+05
   7.47238981E-04   2.08446030E+05
   7.51795317E-04   1.91129567E+05
   7.56351652E-04   1.75898409E+05
   7.60907987E-04   1.62985530E+05
   7.65464322E-04   1.52532807E+05
   7.70020658E-04   1.44586388E+05
   7.74576993E-04   1.39108649E+05
   7.79133328E-04   1.35993805E+05
   7.83689663E-04   1.35077488E+05
   7.88245999E-04   1.36138366E+05
   7.92802334E-04   1.38897481E+05
   7.97358669E-04   1.43024037E+05
   8.01915004E-04   1.48153170E+05
   8.06471340E-04   1.53913915E+05
   8.11027675E-04   1.59958893E+05
   8.15584010E-04   1.65985623E+05
   8.20140345E-04   1.71744250E+05
   8.24696681E-04   1.77035117E+05
   8.29253016E-04   1.81706739E+05
   8.33809351E-04   1.85665299E+05
   8.38365687E-04   1.88899638E+05
   8.42922022E-04   1.91513892E+05
   8.47478357E-04   1.93749889E+05
   8.52034692E-04   1.95979161E+05
   8.56591028E-04   1.98652292E+05
   8.61147363E-04   2.02208679E+05
   8.65703698E-04   2.06966085E+05
   8.70260033E-04   2.13019528E+05
   8.74816369E-04   2.20178729E+05
   8.79372704E-04   2.27962955E+05
   8.83929039E-04   2.35655924E+05
   8.88485374E-04   2.42407670E+05
   8.93041710E-04   2.47359814E+05
   8.97598045E-04   2.49767758E+05
   9.02154380E-04   2.49097323E+05
   9.06710715E-04   2.45081620E+05
   9.11267051E-04   2.37733851E+05
   9.15823386E-04   2.27320657E+05
   9.20379721E-04   2.14307106E+05
   9.24936056E-04   1.99287486E+05
   9.29492392E-04   1.82915481E+05
   9.34048727E-04   1.65843756E+05
   9.38605062E-04   1.48677846E+05
   9.43161397E-04   1.31944481E+05
   9.47717733E-04   1.16071640E+05
   9.52274068E-04   1.01377391E+05
   9.56830403E-04   8.80661926E+04
   9.61386738E-04   7.62333439E+04
   9.65943074E-04   6.58789936E+04
   9.70499409E-04   5.69318560E+04
   9.75055744E-04   4.92799452E+04
   9.79612079E-04   4.28026228E+04
   9.84168415E-04   3.73967200E+04
   9.88724750E-04   3.29904856E+04
   9.93281085E-04   2.95425997E+04
   9.97837420E-04   2.70282802E+04
   1.00239376E-03   2.54187682E+04
   1.00695009E-03   2.46624664E+04
   1.01150643E-03   2.46748470E+04
   1.01606276E-03   2.53403210E+04
   1.02061910E-03   2.65241312E+04
   1.02517543E-03   2.80881242E+04
   1.02973177E-03   2.99027858E+04
   1.03428810E-03   3.18499021E+04
   1.03884444E-03   3.38148554E+04
   1.04340077E-03   3.56728860E+04
   1.04795711E-03   3.72772872E+04
   1.05251344E-03   3.84577259E+04
   1.05706978E-03   3.90334284E+04
   1.06162611E-03   3.88401621E+04
   1.06618245E-03   3.77641277E+04
   1.07073878E-03   3.57724411E+04
   1.07529512E-03   3.29301926E+04
   1.07985145E-03   2.93979793E+04
   1.08440779E-03   2.54097552E+04
   1.08896413E-03   2.12366140E+04
   1.09352046E-03   1.71457406E+04
   1.09807680E-03   1.33642632E+04
   1.10263313E-03   1.00553575E+04
   1.10718947E-03   7.30988520E+03
   1.11174580E-03   5.15263560E+03
   1.11630214E-03   3.55913512E+03
   1.12085847E-03   2.47759879E+03
   1.12541481E-03   1.85080607E+03
   1.12997114E-03   1.63390865E+03
   1.13452748E-03   1.80572191E+03
   1.13908381E-03   2.37241107E+03
   1.14364015E-03   3.36348737E+03
   1.14819648E-03   4.82080313E+03
   1.15275282E-03   6.78201739E+03
   1.15730915E-03   9.26094425E+03
   1.16186549E-03   1.22282129E+04
   1.16642182E-03   1.55964332E+04
   1.17097816E-03   1.92141292E+04
   1.17553450E-03   2.28717223E+04
   1.18009083E-03   2.63207486E+04
   1.18464717E-03   2.93046121E+04
   1.18920350E-03   3.15961567E+04
   1.19375984E-03   3.30350087E+04
   1.19831617E-03   3.35567171E+04
   1.20287251E-03   3.32066222E+04
   1.20742884E-03   3.21341158E+04
   1.21198518E-03   3.05670476E+04
   1.21654151E-03   2.87706285E+04
   1.22109785E-03   2.69991837E+04
   1.22565418E-03   2.54513992E+04
   1.23021052E-03   2.42394525E+04
   1.23476685E-03   2.33793752E+04
   1.23932319E-03   2.28047127E+04
   1.24387952E-03   2.23993351E+04
   1.24843586E-03   2.20399086E+04
   1.25299219E-03   2.16357548E+04
   1.25754853E-03   2.11546372E+04
   1.26210487E-03   2.06273178E+04
   1.26666120E-03   2.01302900E+04
   1.27121754E-03   1.97528511E+04
   1.27577387E-03   1.95594957E+04
   1.28033021E-03   1.95599505E+04
   1.28488654E-03   1.96966332E+04
   1.28944288E-03   1.98537940E+04
   1.29399921E-03   1.98858844E+04
   1.29855555E-03   1.96569431E+04
   1.30311188E-03   1.90797225E+04
   1.30766822E-03   1.81436835E+04
   1.31222455E-03   1.69244809E+04
   1.31678089E-03   1.55728443E+04
   1.32133722E-03   1.42861221E+04
   1.32589356E-03   1.32697396E+04
   1.33044989E-03   1.26976310E+04
   1.33500623E-03   1.26803288E+04
   1.33956256E-03   1.32473415E+04
   1.34411890E-03   1.43473888E+04
   1.34867523E-03   1.58665271E+04
   1.35323157E-03   1.76605566E+04
   1.35778791E-03   1.95947612E+04
   1.36234424E-03   2.15816155E+04
   1.36690058E-03   2.36064165E+04
   1.37145691E-03   2.57326143E+04
   1.37601325E-03   2.80830926E+04
   1.38056958E-03   3.08000521E+04
   1.38512592E-03   3.39928129E+04
   1.38968225E-03   3.76876238E+04
   1.39423859E-03   4.17946019E+04
   1.39879492E-03   4.61033930E+04
   1.40335126E-03   5.03117472E+04
   1.40790759E-03   5.40820084E+04
   1.41246393E-03   5.71123600E+04
   1.41702026E-03   5.92051582E+04
   1.42157660E-03   6.03152938E+04
   1.42613293E-03   6.05669929E+04
   1.43068927E-03   6.02359723E+04
   1.43524560E-03   5.97026337E+04
   1.43980194E-03   5.93883932E+04
   1.44435828E-03   5.96896993E+04
   1.44891461E-03   6.09226805E+04
   1.45347095E-03   6.32868323E+04
   1.45802728E-03   6.68504729E+04
   1.46258362E-03   7.15555519E+04
   1.46713995E-03   7.72359251E+04
   1.47169629E-03   8.36419406E+04
   1.47625262E-03   9.04651319E+04
   1.48080896E-03   9.73595825E+04
   1.48536529E-03   1.03960248E+05
   1.48992163E-03   1.09901882E+05
   1.49447796E-03   1.14843671E+05
   1.49903430E-03   1.18503233E+05
   1.50359063E-03   1.20699185E+05
   1.50814697E-03   1.21395654E+05
   1.51270330E-03   1.20737227E+05
   1.51725964E-03   1.19061335E+05
   1.52181597E-03   1.16878234E+05
   1.52637231E-03   1.14815800E+05
   1.53092864E-03   1.13535315E+05
   1.53548498E-03   1.13632388E+05
   1.54004132E-03   1.15541959E+05
   1.54459765E-03   1.19466677E+05
   1.54915399E-03   1.25343882E+05
   1.55371032E-03   1.32858728E+05
   1.55826666E-03   1.41501170E+05
   1.56282299E-03   1.50654719E+05
   1.56737933E-03   1.59697491E+05
   1.57193566E-03   1.68093536E+05
   1.57649200E-03   1.75456128E+05
   1.58104833E-03   1.81573719E+05
   1.58560467E-03   1.86400855E+05
   1.59016100E-03   1.90026084E+05
   1.59471734E-03   1.92633146E+05
   1.59927367E-03   1.94469150E+05
   1.60383001E-03   1.95825692E+05
   1.60838634E-03   1.97029884E+05
   1.61294268E-03   1.98436191E+05
   1.61749901E-03   2.00409167E+05
   1.62205535E-03   2.03291446E+05
   1.62661169E-03   2.07358337E+05
   1.63116802E-03   2.12766992E+05
   1.63572436E-03   2.19512167E+05
   1.64028069E-03   2.27400963E+05
   1.64483703E-03   2.36055983E+05
   1.64939336E-03   2.44950713E+05
   1.65394970E-03   2.53473874E+05
   1.65850603E-03   2.61012209E+05
   1.66306237E-03   2.67035577E+05
   1.66761870E-03   2.71166284E+05
   1.67217504E-03   2.73217703E+05
   1.67673137E-03   2.73195243E+05
   1.68128771E-03   2.71263492E+05
   1.68584404E-03   2.67692932E+05
   1.69040038E-03   2.62804341E+05
   1.69495671E-03   2.56926810E+05
   1.69951305E-03   2.50377236E+05
   1.70406938E-03   2.43458960E+05
   1.70862572E-03   2.36469396E+05
   1.71318206E-03   2.29704447E+05
   1.71773839E-03   2.23451532E+05
   1.72229473E-03   2.17970679E+05
   1.72685106E-03   2.13470352E+05
   1.73140740E-03   2.10088246E+05
   1.73596373E-03   2.07886036E+05
   1.74052007E-03   2.06862379E+05
   1.74507640E-03   2.06982859E+05
   1.74963274E-03   2.08221352E+05
   1.75418907E-03   2.10605122E+05
   1.75874541E-03   2.14255316E+05
   1.76330174E-03   2.19413956E+05
   1.76785808E-03   2.26447628E+05
   1.77241441E-03   2.35817514E+05
   1.77697075E-03   2.48007211E+05
   1.78152708E-03   2.63406077E+05
   1.78608342E-03   2.82157346E+05
   1.79063975E-03   3.03995368E+05
   1.79519609E-03   3.28110696E+05
   1.79975242E-03   3.53089237E+05
   1.80430876E-03   3.76966470E+05
   1.80886510E-03   3.97417068E+05
   1.81342143E-03   4.12066600E+05
   1.81797777E-03   4.18873886E+05
   1.82253410E-03   4.16502467E+05
   1.82709044E-03   4.04589901E+05
   1.83164677E-03   3.83840950E+05
   1.83620311E-03   3.55912881E+05
   1.84075944E-03   3.23115902E+05
   1.84531578E-03   2.88001740E+05
   1.84987211E-03   2.52941618E+05
   1.85442845E-03   2.19792518E+05
   1.85898478E-03   1.89719234E+05
   1.86354112E-03   1.63191488E+05
   1.86809745E-03   1.40126800E+05
   1.87265379E-03   1.20116191E+05
   1.87721012E-03   1.02659330E+05
   1.88176646E-03   8.73478517E+04
   1.88632279E-03   7.39625132E+04
   1.89087913E-03   6.24805771E+04
   1.89543547E-03   5.30144487E+04
   1.89999180E-03   4.57153728E+04
   1.90454814E-03   4.06763204E+04
   1.90910447E-03   3.78594146E+04
   1.91366081E-03   3.70605696E+04
   1.91821714E-03   3.79122427E+04
   1.92277348E-03   3.99172536E+04
   1.92732981E-03   4.25031715E+04
   1.93188615E-03   4.50867791E+04
   1.93644248E-03   4.71398429E+04
   1.94099882E-03   4.82494209E+04
   1.94555515E-03   4.81676031E+04
   1.95011149E-03   4.68471811E+04
   1.95466782E-03   4.44618694E+04
   1.95922416E-03   4.14126956E+04
   1.96378049E-03   3.83254952E+04
   1.96833683E-03   3.60466854E+04
   1.97289316E-03   3.56438081E+04
   1.97744950E-03   3.84123471E+04
   1.98200583E-03   4.58811726E+04
   1.98656217E-03   5.97978707E+04
   1.99111851E-03   8.20664920E+04
   1.99567484E-03   1.14609233E+05
   2.00023118E-03   1.59134612E+05
   2.00478751E-03   2.16818895E+05
   2.00934385E-03   2.87940613E+05
   2.01390018E-03   3.71540470E+05
   2.01845652E-03   4.65197937E+05
   2.02301285E-03   5.65010409E+05
   2.02756919E-03   6.65826721E+05
   2.03212552E-03   7.61730575E+05
   2.03668186E-03   8.46706740E+05
   2.04123819E-03   9.15374021E+05
   2.04579453E-03   9.63649708E+05
   2.05035086E-03   9.89226191E+05
   2.05490720E-03   9.91784497E+05
   2.05946353E-03   9.72926206E+05
   2.06401987E-03   9.35857886E+05
   2.06857620E-03   8.84899427E+05
   2.07313254E-03   8.24906026E+05
   2.07768888E-03   7.60695431E+05
   2.08224521E-03   6.96561648E+05
   2.08680155E-03   6.35936607E+05
   2.09135788E-03   5.81233907E+05
   2.09591422E-03   5.33875864E+05
   2.10047055E-03   4.94471461E+05
   2.10502689E-03   4.63085528E+05
   2.10958322E-03   4.39525594E+05
   2.11413956E-03   4.23576186E+05
   2.11869589E-03   4.15129520E+05
   2.12325223E-03   4.14190758E+05
   2.12780856E-03   4.20767346E+05
   2.13236490E-03   4.34678504E+05
   2.13692123E-03   4.55338397E+05
   2.14147757E-03   4.81573241E+05
   2.14603390E-03   5.11528464E+05
   2.15059024E-03   5.42707308E+05
   2.15514657E-03   5.72157783E+05
   2.15970291E-03   5.96792999E+05
   2.16425925E-03   6.13796029E+05
   2.16881558E-03   6.21032841E+05
   2.17337192E-03   6.17384941E+05
   2.17792825E-03   6.02923921E+05
   2.18248459E-03   5.78883448E+05
   2.18704092E-03   5.47432693E+05
   2.19159726E-03   5.11304629E+05
   2.19615359E-03   4.73367259E+05
   2.20070993E-03   4.36234609E+05
   2.20526626E-03   4.01994982E+05
   2.20982260E-03   3.72094306E+05
   2.21437893E-03   3.47366636E+05
   2.21893527E-03   3.28167033E+05
   2.22349160E-03   3.14544325E+05
   2.22804794E-03   3.06394664E+05
   2.23260427E-03   3.03556087E+05
   2.23716061E-03   3.05829812E+05
   2.24171694E-03   3.12936594E+05
   2.24627328E-03   3.24430814E+05
   2.25082961E-03   3.39600561E+05
   2.25538595E-03   3.57381830E+05
   2.25994229E-03   3.76312701E+05
   2.26449862E-03   3.94550365E+05
   2.26905496E-03   4.09968514E+05
   2.27361129E-03   4.20341611E+05
   2.27816763E-03   4.23604116E+05
   2.28272396E-03   4.18149197E+05
   2.28728030E-03   4.03110060E+05
   2.29183663E-03   3.78557352E+05
