 Fermi (or HOMO) energy (hartree) =   2.41391   Average Vxc (hartree)=  -0.93868
 Eigenvalues (hartree) for nkpt=   8  k points:
 kpt#   1, nband= 90, wtk=  0.12500, kpt=  0.1250  0.1250  0.1250 (reduced coord)
  -0.85066   -0.76137   -0.70986   -0.65825   -0.33740   -0.23201   -0.16245   -0.10703
  -0.10269   -0.05774   -0.04233   -0.02101    0.03361    0.03901    0.09926    0.11022
   0.14711    0.25796    0.36169    0.36983    0.39416    0.47838    0.55536    0.60691
   0.62285    0.63955    0.71421    0.72888    0.77114    0.78569    0.80061    0.86125
   0.89244    0.92957    0.96112    0.97845    1.01952    1.03784    1.05534    1.08219
   1.10538    1.12286    1.14197    1.26600    1.33143    1.34963    1.36291    1.41572
   1.50989    1.54956    1.57435    1.58288    1.62622    1.66792    1.70021    1.72371
   1.73826    1.79709    1.81275    1.83060    1.84272    1.89699    1.92975    1.93863
   1.95340    1.98733    2.00807    2.02219    2.05695    2.07893    2.10736    2.13820
   2.14877    2.16322    2.22628    2.26660    2.29055    2.32103    2.33685    2.36830
   2.38530    2.44029    2.45320    2.49611    2.51360    2.52541    2.54777    2.55944
   2.58171    2.60740
 kpt#   2, nband= 90, wtk=  0.12500, kpt=  0.3750  0.1250  0.1250 (reduced coord)
  -0.81070   -0.75084   -0.73081   -0.68722   -0.28982   -0.25711   -0.19378   -0.16858
  -0.12029   -0.08283   -0.07181   -0.01145   -0.00089    0.01727    0.07556    0.08595
   0.21838    0.31387    0.36062    0.46242    0.48683    0.54846    0.57939    0.65507
   0.66715    0.69982    0.71799    0.75436    0.76489    0.79132    0.81226    0.82865
   0.86562    0.90256    0.93932    0.96403    0.98223    0.99309    1.05608    1.07971
   1.16056    1.20230    1.20784    1.21910    1.23939    1.32632    1.33771    1.37515
   1.41061    1.47271    1.48312    1.55820    1.57968    1.60491    1.63513    1.69603
   1.73272    1.74143    1.76167    1.79851    1.82288    1.89233    1.92123    1.92553
   1.93962    1.96033    2.04502    2.07441    2.09743    2.12643    2.14547    2.20398
   2.22089    2.24677    2.26223    2.27318    2.29126    2.32426    2.33403    2.34040
   2.37081    2.38392    2.40065    2.45919    2.47544    2.49336    2.52793    2.55091
   2.59743    2.61267
 kpt#   3, nband= 90, wtk=  0.12500, kpt=  0.1250  0.3750  0.1250 (reduced coord)
  -0.81212   -0.75294   -0.73189   -0.68864   -0.29096   -0.25829   -0.18211   -0.15756
  -0.11561   -0.08322   -0.06718   -0.00868    0.00082    0.02467    0.07444    0.07837
   0.22038    0.32050    0.35125    0.46056    0.47353    0.53279    0.57935    0.64346
   0.65385    0.68359    0.71112    0.76509    0.78151    0.81103    0.83408    0.83659
   0.88513    0.89654    0.92677    0.95218    0.97580    1.01004    1.02966    1.04923
   1.11355    1.15493    1.20251    1.24233    1.26965    1.29932    1.32513    1.34207
   1.40401    1.43563    1.46633    1.58606    1.62641    1.66037    1.69462    1.70458
   1.75322    1.76650    1.78405    1.80375    1.84647    1.87849    1.90210    1.94976
   1.95591    1.99860    2.00526    2.07651    2.09907    2.12513    2.14921    2.18457
   2.19724    2.23541    2.24975    2.29029    2.29545    2.31879    2.34284    2.39678
   2.40643    2.43436    2.45347    2.47684    2.50063    2.53343    2.55363    2.56960
   2.58555    2.60766
 kpt#   4, nband= 90, wtk=  0.12500, kpt=  0.3750  0.3750  0.1250 (reduced coord)
  -0.78470   -0.75773   -0.71282   -0.69389   -0.33535   -0.31258   -0.21996   -0.18582
  -0.17500   -0.16117    0.02945    0.04136    0.05827    0.07325    0.10217    0.11858
   0.12948    0.16634    0.47718    0.52484    0.60358    0.63034    0.64501    0.67498
   0.68581    0.71106    0.73975    0.75553    0.76461    0.79963    0.81464    0.84293
   0.87680    0.88267    0.90847    0.94026    0.95682    0.99610    1.04008    1.09027
   1.10222    1.10612    1.15308    1.17484    1.18212    1.21583    1.29242    1.35049
   1.38796    1.39871    1.49990    1.54103    1.57624    1.62724    1.68293    1.69406
   1.73607    1.74771    1.78798    1.80746    1.81761    1.84726    1.85130    1.88322
   1.92166    1.94617    1.96335    2.00171    2.09019    2.13467    2.15176    2.17170
   2.30267    2.31499    2.32327    2.34808    2.35323    2.36122    2.39648    2.41391
   2.43015    2.43987    2.46454    2.48429    2.49956    2.52209    2.53742    2.55318
   2.56800    2.65557
 kpt#   5, nband= 90, wtk=  0.12500, kpt=  0.1250  0.1250  0.3750 (reduced coord)
  -0.82959   -0.79377   -0.69647   -0.67530   -0.25800   -0.20392   -0.15621   -0.14117
  -0.13338   -0.09688   -0.05124   -0.01174    0.00130    0.04104    0.05273    0.07917
   0.19012    0.25221    0.38932    0.45160    0.46677    0.49065    0.54226    0.60931
   0.63007    0.63348    0.69306    0.70615    0.72985    0.77184    0.81636    0.84665
   0.87087    0.88858    0.93095    0.96320    0.96580    1.02609    1.04521    1.06176
   1.16782    1.19616    1.26151    1.27174    1.28925    1.30853    1.39090    1.42579
   1.51054    1.52844    1.56769    1.59986    1.62216    1.66293    1.71085    1.74787
   1.76092    1.77884    1.79963    1.86010    1.87074    1.89099    1.89823    1.91711
   1.95147    1.98153    1.99605    2.02844    2.07465    2.10626    2.12474    2.16320
   2.17660    2.20994    2.23694    2.25401    2.27972    2.30268    2.31351    2.35246
   2.35551    2.40253    2.43686    2.44137    2.47619    2.48349    2.52003    2.53590
   2.55966    2.58873
 kpt#   6, nband= 90, wtk=  0.12500, kpt=  0.3750  0.1250  0.3750 (reduced coord)
  -0.79139   -0.75917   -0.73471   -0.70881   -0.23518   -0.21990   -0.18765   -0.17141
  -0.11167   -0.10386   -0.07071   -0.05692   -0.03194    0.01092    0.01742    0.04835
   0.30940    0.37225    0.39110    0.47412    0.49321    0.52265    0.56230    0.61899
   0.66052    0.66899    0.72751    0.74143    0.79597    0.80858    0.83403    0.85544
   0.86338    0.87569    0.89095    0.92032    0.97335    0.99359    1.01621    1.04402
   1.17699    1.18788    1.26477    1.27933    1.30326    1.34823    1.38321    1.41154
   1.42523    1.45274    1.50135    1.51309    1.54532    1.58874    1.62902    1.65011
   1.69676    1.73335    1.76678    1.81390    1.85745    1.88200    1.90342    1.91138
   1.97744    1.99285    2.00997    2.09770    2.10956    2.11670    2.14465    2.17123
   2.17982    2.21588    2.23189    2.25182    2.28608    2.30985    2.31766    2.34655
   2.36769    2.37982    2.44232    2.46601    2.48484    2.50512    2.55349    2.58802
   2.60603    2.64404
 kpt#   7, nband= 90, wtk=  0.12500, kpt=  0.1250  0.3750  0.3750 (reduced coord)
  -0.79274   -0.76033   -0.73676   -0.71054   -0.23087   -0.22241   -0.17976   -0.16181
  -0.10633   -0.10053   -0.06572   -0.05532   -0.02629    0.00620    0.01698    0.04558
   0.30696    0.36333    0.39587    0.46950    0.47985    0.54629    0.55328    0.61585
   0.64424    0.65950    0.70751    0.73594    0.78868    0.80303    0.82897    0.86363
   0.87812    0.88969    0.91528    0.93521    0.95287    1.00082    1.01447    1.06129
   1.14955    1.19678    1.22752    1.25715    1.30331    1.31129    1.33854    1.34624
   1.39946    1.43039    1.44620    1.45648    1.66331    1.67422    1.69178    1.73719
   1.74691    1.78220    1.79061    1.84206    1.86291    1.86775    1.89470    1.93230
   1.95724    1.99506    2.00797    2.05285    2.09683    2.12280    2.13452    2.17305
   2.19140    2.21710    2.24392    2.26324    2.28062    2.30760    2.36309    2.37660
   2.39648    2.44052    2.45011    2.47994    2.50401    2.52308    2.55548    2.58063
   2.59883    2.62898
 kpt#   8, nband= 90, wtk=  0.12500, kpt=  0.3750  0.3750  0.3750 (reduced coord)
  -0.76698   -0.74177   -0.73771   -0.71566   -0.30298   -0.27988   -0.24611   -0.22928
  -0.14322   -0.11645   -0.04595   -0.02392    0.05231    0.07797    0.08807    0.11027
   0.23669    0.27397    0.39367    0.42407    0.57371    0.61717    0.64625    0.66368
   0.68932    0.69916    0.75607    0.77608    0.80945    0.81474    0.81758    0.83851
   0.87034    0.89896    0.91232    0.95931    0.99413    1.02833    1.04010    1.04576
   1.10315    1.13273    1.15344    1.19050    1.24881    1.27686    1.32278    1.35471
   1.36646    1.39498    1.43497    1.47181    1.51098    1.59892    1.60702    1.66637
   1.69058    1.70045    1.77372    1.80221    1.82111    1.82559    1.86382    1.90127
   1.94527    1.99672    2.04276    2.10646    2.13526    2.15934    2.19084    2.21105
   2.26319    2.27369    2.28337    2.30676    2.32454    2.34859    2.38425    2.41002
   2.44603    2.46735    2.47537    2.49871    2.51864    2.52103    2.54285    2.55391
   2.63831    2.65769
