
 **** DERIVATIVE DATABASE ****    
+DDB, Version number    100401

  Note : temporary (transfer) database

    usepaw         0
     natom        20
      nkpt         8
    nsppol         1
      nsym         8
    ntypat         3
    occopt         1
     nband        90
     acell  0.54040000000000D+01  0.55130000000000D+01  0.76970000000000D+01
       amu  0.40078000000000D+02  0.47880000000000D+02  0.15999400000000D+02
   dilatmx  0.10000000000000D+01
      ecut  0.40000000000000D+02
    ecutsm  0.00000000000000D+00
     intxc         0
      iscf         7
       ixc        11
       kpt  0.12500000000000D+00  0.12500000000000D+00  0.12500000000000D+00
            0.37500000000000D+00  0.12500000000000D+00  0.12500000000000D+00
            0.12500000000000D+00  0.37500000000000D+00  0.12500000000000D+00
            0.37500000000000D+00  0.37500000000000D+00  0.12500000000000D+00
            0.12500000000000D+00  0.12500000000000D+00  0.37500000000000D+00
            0.37500000000000D+00  0.12500000000000D+00  0.37500000000000D+00
            0.12500000000000D+00  0.37500000000000D+00  0.37500000000000D+00
            0.37500000000000D+00  0.37500000000000D+00  0.37500000000000D+00
    kptnrm  0.10000000000000D+01
     ngfft        32   32   45
    nspden         1
   nspinor         1
       occ  0.20000000000000D+01  0.20000000000000D+01  0.20000000000000D+01
            0.20000000000000D+01  0.20000000000000D+01  0.20000000000000D+01
            0.20000000000000D+01  0.20000000000000D+01  0.20000000000000D+01
            0.20000000000000D+01  0.20000000000000D+01  0.20000000000000D+01
            0.20000000000000D+01  0.20000000000000D+01  0.20000000000000D+01
            0.20000000000000D+01  0.20000000000000D+01  0.20000000000000D+01
            0.20000000000000D+01  0.20000000000000D+01  0.20000000000000D+01
            0.20000000000000D+01  0.20000000000000D+01  0.20000000000000D+01
            0.20000000000000D+01  0.20000000000000D+01  0.20000000000000D+01
            0.20000000000000D+01  0.20000000000000D+01  0.20000000000000D+01
            0.20000000000000D+01  0.20000000000000D+01  0.20000000000000D+01
            0.20000000000000D+01  0.20000000000000D+01  0.20000000000000D+01
            0.20000000000000D+01  0.20000000000000D+01  0.20000000000000D+01
            0.20000000000000D+01  0.20000000000000D+01  0.20000000000000D+01
            0.20000000000000D+01  0.20000000000000D+01  0.20000000000000D+01
            0.20000000000000D+01  0.20000000000000D+01  0.20000000000000D+01
            0.20000000000000D+01  0.20000000000000D+01  0.20000000000000D+01
            0.20000000000000D+01  0.20000000000000D+01  0.20000000000000D+01
            0.20000000000000D+01  0.20000000000000D+01  0.20000000000000D+01
            0.20000000000000D+01  0.20000000000000D+01  0.20000000000000D+01
            0.20000000000000D+01  0.20000000000000D+01  0.20000000000000D+01
            0.20000000000000D+01  0.20000000000000D+01  0.20000000000000D+01
            0.20000000000000D+01  0.20000000000000D+01  0.20000000000000D+01
            0.20000000000000D+01  0.20000000000000D+01  0.20000000000000D+01
            0.20000000000000D+01  0.20000000000000D+01  0.20000000000000D+01
            0.20000000000000D+01  0.20000000000000D+01  0.20000000000000D+01
            0.20000000000000D+01  0.20000000000000D+01  0.00000000000000D+00
            0.00000000000000D+00  0.00000000000000D+00  0.00000000000000D+00
            0.00000000000000D+00  0.00000000000000D+00  0.00000000000000D+00
            0.00000000000000D+00  0.00000000000000D+00  0.00000000000000D+00
     rprim  0.10000000000000D+01  0.00000000000000D+00  0.00000000000000D+00
            0.00000000000000D+00  0.10000000000000D+01  0.00000000000000D+00
            0.00000000000000D+00  0.00000000000000D+00  0.10000000000000D+01
  dfpt_sciss  0.00000000000000D+00
    spinat  0.00000000000000D+00  0.00000000000000D+00  0.00000000000000D+00
            0.00000000000000D+00  0.00000000000000D+00  0.00000000000000D+00
            0.00000000000000D+00  0.00000000000000D+00  0.00000000000000D+00
            0.00000000000000D+00  0.00000000000000D+00  0.00000000000000D+00
            0.00000000000000D+00  0.00000000000000D+00  0.00000000000000D+00
            0.00000000000000D+00  0.00000000000000D+00  0.00000000000000D+00
            0.00000000000000D+00  0.00000000000000D+00  0.00000000000000D+00
            0.00000000000000D+00  0.00000000000000D+00  0.00000000000000D+00
            0.00000000000000D+00  0.00000000000000D+00  0.00000000000000D+00
            0.00000000000000D+00  0.00000000000000D+00  0.00000000000000D+00
            0.00000000000000D+00  0.00000000000000D+00  0.00000000000000D+00
            0.00000000000000D+00  0.00000000000000D+00  0.00000000000000D+00
            0.00000000000000D+00  0.00000000000000D+00  0.00000000000000D+00
            0.00000000000000D+00  0.00000000000000D+00  0.00000000000000D+00
            0.00000000000000D+00  0.00000000000000D+00  0.00000000000000D+00
            0.00000000000000D+00  0.00000000000000D+00  0.00000000000000D+00
            0.00000000000000D+00  0.00000000000000D+00  0.00000000000000D+00
            0.00000000000000D+00  0.00000000000000D+00  0.00000000000000D+00
            0.00000000000000D+00  0.00000000000000D+00  0.00000000000000D+00
            0.00000000000000D+00  0.00000000000000D+00  0.00000000000000D+00
    symafm         1    1    1    1    1    1    1    1
    symrel         1    0    0    0    1    0    0    0    1
                  -1    0    0    0   -1    0    0    0   -1
                  -1    0    0    0    1    0    0    0   -1
                   1    0    0    0   -1    0    0    0    1
                  -1    0    0    0   -1    0    0    0    1
                   1    0    0    0    1    0    0    0   -1
                   1    0    0    0   -1    0    0    0   -1
                  -1    0    0    0    1    0    0    0    1
     tnons  0.00000000000000D+00  0.00000000000000D+00  0.00000000000000D+00
            0.00000000000000D+00  0.22204460492503D-15  0.00000000000000D+00
            0.50000000000000D+00  0.50000000000000D+00  0.50000000000000D+00
            0.50000000000000D+00  0.50000000000000D+00  0.50000000000000D+00
            0.00000000000000D+00  0.22204460492503D-15  0.50000000000000D+00
            0.00000000000000D+00  0.00000000000000D+00  0.50000000000000D+00
            0.50000000000000D+00  0.50000000000000D+00  0.00000000000000D+00
            0.50000000000000D+00  0.50000000000000D+00  0.00000000000000D+00
    tolwfr  0.10000000000000D+01
   tphysel  0.00000000000000D+00
    tsmear  0.10000000000000D-01
     typat         1    1    1    1    2    2    2    2    3    3    3    3
                   3    3    3    3    3    3    3    3
       wtk  0.12500000000000D+00  0.12500000000000D+00  0.12500000000000D+00
            0.12500000000000D+00  0.12500000000000D+00  0.12500000000000D+00
            0.12500000000000D+00  0.12500000000000D+00
      xred  0.85000000000000D-02  0.95520000000000D+00  0.75000000000000D+00
            0.49150000000000D+00  0.45520000000000D+00  0.75000000000000D+00
            0.50850000000000D+00  0.54480000000000D+00  0.25000000000000D+00
            0.99150000000000D+00  0.44800000000000D-01  0.25000000000000D+00
            0.00000000000000D+00  0.50000000000000D+00  0.00000000000000D+00
            0.00000000000000D+00  0.50000000000000D+00  0.50000000000000D+00
            0.50000000000000D+00  0.00000000000000D+00  0.00000000000000D+00
            0.50000000000000D+00  0.00000000000000D+00  0.50000000000000D+00
            0.78100000000000D-01  0.47940000000000D+00  0.25000000000000D+00
            0.20750000000000D+00  0.20810000000000D+00  0.54070000000000D+00
            0.20750000000000D+00  0.20810000000000D+00  0.95930000000000D+00
            0.29250000000000D+00  0.70810000000000D+00  0.95930000000000D+00
            0.29250000000000D+00  0.70810000000000D+00  0.54070000000000D+00
            0.42190000000000D+00  0.97940000000000D+00  0.25000000000000D+00
            0.57810000000000D+00  0.20600000000000D-01  0.75000000000000D+00
            0.70750000000000D+00  0.29190000000000D+00  0.45930000000000D+00
            0.70750000000000D+00  0.29190000000000D+00  0.40700000000000D-01
            0.79250000000000D+00  0.79190000000000D+00  0.40700000000000D-01
            0.79250000000000D+00  0.79190000000000D+00  0.45930000000000D+00
            0.92190000000000D+00  0.52060000000000D+00  0.75000000000000D+00
     znucl  0.20000000000000D+02  0.22000000000000D+02  0.80000000000000D+01
      zion  0.10000000000000D+02  0.12000000000000D+02  0.60000000000000D+01
 
 No information on the potentials yet 
 
 **** Database of total energy derivatives ****
 Number of data blocks=    2
  
 Total energy                 - # elements :       1
 -0.53808548943020D+03  0.00000000000000D+00
  
 1st derivatives              - # elements :      66
   1   1  0.50107030108685D+00  0.00000000000000D+00
   2   1 -0.35555602662996D+01  0.00000000000000D+00
   3   1  0.00000000000000D+00  0.00000000000000D+00
   1   2 -0.50107030108685D+00  0.00000000000000D+00
   2   2 -0.35555602662996D+01  0.00000000000000D+00
   3   2  0.00000000000000D+00  0.00000000000000D+00
   1   3  0.50107030108685D+00  0.00000000000000D+00
   2   3  0.35555602662996D+01  0.00000000000000D+00
   3   3  0.00000000000000D+00  0.00000000000000D+00
   1   4 -0.50107030108685D+00  0.00000000000000D+00
   2   4  0.35555602662996D+01  0.00000000000000D+00
   3   4  0.00000000000000D+00  0.00000000000000D+00
   1   5  0.00000000000000D+00  0.00000000000000D+00
   2   5  0.00000000000000D+00  0.00000000000000D+00
   3   5  0.00000000000000D+00  0.00000000000000D+00
   1   6  0.00000000000000D+00  0.00000000000000D+00
   2   6  0.00000000000000D+00  0.00000000000000D+00
   3   6  0.00000000000000D+00  0.00000000000000D+00
   1   7  0.00000000000000D+00  0.00000000000000D+00
   2   7  0.00000000000000D+00  0.00000000000000D+00
   3   7  0.00000000000000D+00  0.00000000000000D+00
   1   8  0.00000000000000D+00  0.00000000000000D+00
   2   8  0.00000000000000D+00  0.00000000000000D+00
   3   8  0.00000000000000D+00  0.00000000000000D+00
   1   9 -0.11558502801891D+01  0.00000000000000D+00
   2   9 -0.13795375257563D+01  0.00000000000000D+00
   3   9  0.27105054312138D-19  0.00000000000000D+00
   1  10  0.10190427309618D+01  0.00000000000000D+00
   2  10  0.20063389772005D+00  0.00000000000000D+00
   3  10 -0.60408934505008D+00  0.00000000000000D+00
   1  11  0.10190427309618D+01  0.00000000000000D+00
   2  11  0.20063389772005D+00  0.00000000000000D+00
   3  11  0.60408934505008D+00  0.00000000000000D+00
   1  12 -0.10190427309618D+01  0.00000000000000D+00
   2  12  0.20063389772005D+00  0.00000000000000D+00
   3  12  0.60408934505008D+00  0.00000000000000D+00
   1  13 -0.10190427309618D+01  0.00000000000000D+00
   2  13  0.20063389772005D+00  0.00000000000000D+00
   3  13 -0.60408934505008D+00  0.00000000000000D+00
   1  14  0.11558502801891D+01  0.00000000000000D+00
   2  14 -0.13795375257563D+01  0.00000000000000D+00
   3  14  0.00000000000000D+00  0.00000000000000D+00
   1  15 -0.11558502801891D+01  0.00000000000000D+00
   2  15  0.13795375257563D+01  0.00000000000000D+00
   3  15  0.00000000000000D+00  0.00000000000000D+00
   1  16  0.10190427309618D+01  0.00000000000000D+00
   2  16 -0.20063389772005D+00  0.00000000000000D+00
   3  16  0.60408934505008D+00  0.00000000000000D+00
   1  17  0.10190427309618D+01  0.00000000000000D+00
   2  17 -0.20063389772005D+00  0.00000000000000D+00
   3  17 -0.60408934505008D+00  0.00000000000000D+00
   1  18 -0.10190427309618D+01  0.00000000000000D+00
   2  18 -0.20063389772005D+00  0.00000000000000D+00
   3  18 -0.60408934505008D+00  0.00000000000000D+00
   1  19 -0.10190427309618D+01  0.00000000000000D+00
   2  19 -0.20063389772005D+00  0.00000000000000D+00
   3  19  0.60408934505008D+00  0.00000000000000D+00
   1  20  0.11558502801891D+01  0.00000000000000D+00
   2  20  0.13795375257563D+01  0.00000000000000D+00
   3  20 -0.27105054312138D-19  0.00000000000000D+00
   1  23 -0.34202199488379D+00  0.00000000000000D+00
   2  23 -0.33300505591469D+00  0.00000000000000D+00
   3  23 -0.34584810093473D+00  0.00000000000000D+00
   1  24  0.00000000000000D+00  0.00000000000000D+00
   2  24  0.00000000000000D+00  0.00000000000000D+00
   3  24  0.00000000000000D+00  0.00000000000000D+00
