
 **** DERIVATIVE DATABASE ****    
+DDB, Version number    100401

 Si ddb on *4 mesh with ecut 16

    usepaw         0
     natom         2
      nkpt       256
    nsppol         1
      nsym         1
    ntypat         1
    occopt         1
     nband         4
     acell  0.73076524878000D+01  0.73076524882000D+01  0.73076524889000D+01
       amu  0.28085500000000D+02
   dilatmx  0.10000000000000D+01
      ecut  0.16000000000000D+02
    ecutsm  0.00000000000000D+00
     intxc         0
      iscf         7
       ixc        11
       kpt -0.12500000000000D+00 -0.25000000000000D+00  0.00000000000000D+00
           -0.25000000000000D+00 -0.12500000000000D+00  0.00000000000000D+00
           -0.12500000000000D+00 -0.12500000000000D+00  0.12500000000000D+00
           -0.12500000000000D+00  0.50000000000000D+00  0.00000000000000D+00
           -0.25000000000000D+00 -0.37500000000000D+00  0.00000000000000D+00
           -0.12500000000000D+00 -0.37500000000000D+00  0.12500000000000D+00
           -0.37500000000000D+00 -0.25000000000000D+00  0.00000000000000D+00
           -0.25000000000000D+00 -0.25000000000000D+00  0.12500000000000D+00
           -0.12500000000000D+00 -0.25000000000000D+00  0.25000000000000D+00
            0.50000000000000D+00 -0.12500000000000D+00  0.00000000000000D+00
           -0.37500000000000D+00 -0.12500000000000D+00  0.12500000000000D+00
           -0.25000000000000D+00 -0.12500000000000D+00  0.25000000000000D+00
           -0.12500000000000D+00 -0.12500000000000D+00  0.37500000000000D+00
           -0.12500000000000D+00  0.25000000000000D+00  0.00000000000000D+00
           -0.25000000000000D+00  0.37500000000000D+00  0.00000000000000D+00
           -0.12500000000000D+00  0.37500000000000D+00  0.12500000000000D+00
           -0.37500000000000D+00  0.50000000000000D+00  0.00000000000000D+00
           -0.25000000000000D+00  0.50000000000000D+00  0.12500000000000D+00
           -0.12500000000000D+00  0.50000000000000D+00  0.25000000000000D+00
            0.50000000000000D+00 -0.37500000000000D+00  0.00000000000000D+00
           -0.37500000000000D+00 -0.37500000000000D+00  0.12500000000000D+00
           -0.25000000000000D+00 -0.37500000000000D+00  0.25000000000000D+00
           -0.12500000000000D+00 -0.37500000000000D+00  0.37500000000000D+00
            0.37500000000000D+00 -0.25000000000000D+00  0.00000000000000D+00
            0.50000000000000D+00 -0.25000000000000D+00  0.12500000000000D+00
           -0.37500000000000D+00 -0.25000000000000D+00  0.25000000000000D+00
           -0.25000000000000D+00 -0.25000000000000D+00  0.37500000000000D+00
           -0.12500000000000D+00 -0.25000000000000D+00  0.50000000000000D+00
            0.25000000000000D+00 -0.12500000000000D+00  0.00000000000000D+00
            0.37500000000000D+00 -0.12500000000000D+00  0.12500000000000D+00
            0.50000000000000D+00 -0.12500000000000D+00  0.25000000000000D+00
           -0.37500000000000D+00 -0.12500000000000D+00  0.37500000000000D+00
           -0.25000000000000D+00 -0.12500000000000D+00  0.50000000000000D+00
           -0.12500000000000D+00 -0.12500000000000D+00 -0.37500000000000D+00
           -0.12500000000000D+00  0.00000000000000D+00  0.00000000000000D+00
           -0.25000000000000D+00  0.12500000000000D+00  0.00000000000000D+00
           -0.12500000000000D+00  0.12500000000000D+00  0.12500000000000D+00
           -0.37500000000000D+00  0.25000000000000D+00  0.00000000000000D+00
           -0.25000000000000D+00  0.25000000000000D+00  0.12500000000000D+00
           -0.12500000000000D+00  0.25000000000000D+00  0.25000000000000D+00
            0.50000000000000D+00  0.37500000000000D+00  0.00000000000000D+00
           -0.37500000000000D+00  0.37500000000000D+00  0.12500000000000D+00
           -0.25000000000000D+00  0.37500000000000D+00  0.25000000000000D+00
           -0.12500000000000D+00  0.37500000000000D+00  0.37500000000000D+00
            0.37500000000000D+00  0.50000000000000D+00  0.00000000000000D+00
            0.50000000000000D+00  0.50000000000000D+00  0.12500000000000D+00
           -0.37500000000000D+00  0.50000000000000D+00  0.25000000000000D+00
           -0.25000000000000D+00  0.50000000000000D+00  0.37500000000000D+00
           -0.12500000000000D+00  0.50000000000000D+00  0.50000000000000D+00
            0.25000000000000D+00 -0.37500000000000D+00  0.00000000000000D+00
            0.37500000000000D+00 -0.37500000000000D+00  0.12500000000000D+00
            0.50000000000000D+00 -0.37500000000000D+00  0.25000000000000D+00
           -0.37500000000000D+00 -0.37500000000000D+00  0.37500000000000D+00
           -0.25000000000000D+00 -0.37500000000000D+00  0.50000000000000D+00
           -0.12500000000000D+00 -0.37500000000000D+00 -0.37500000000000D+00
            0.12500000000000D+00 -0.25000000000000D+00  0.00000000000000D+00
            0.25000000000000D+00 -0.25000000000000D+00  0.12500000000000D+00
            0.37500000000000D+00 -0.25000000000000D+00  0.25000000000000D+00
            0.50000000000000D+00 -0.25000000000000D+00  0.37500000000000D+00
           -0.37500000000000D+00 -0.25000000000000D+00  0.50000000000000D+00
           -0.25000000000000D+00 -0.25000000000000D+00 -0.37500000000000D+00
           -0.12500000000000D+00 -0.25000000000000D+00 -0.25000000000000D+00
            0.00000000000000D+00 -0.12500000000000D+00  0.00000000000000D+00
            0.12500000000000D+00 -0.12500000000000D+00  0.12500000000000D+00
            0.25000000000000D+00 -0.12500000000000D+00  0.25000000000000D+00
            0.37500000000000D+00 -0.12500000000000D+00  0.37500000000000D+00
            0.50000000000000D+00 -0.12500000000000D+00  0.50000000000000D+00
           -0.37500000000000D+00 -0.12500000000000D+00 -0.37500000000000D+00
           -0.25000000000000D+00 -0.12500000000000D+00 -0.25000000000000D+00
           -0.12500000000000D+00 -0.12500000000000D+00 -0.12500000000000D+00
           -0.37500000000000D+00  0.00000000000000D+00  0.00000000000000D+00
           -0.25000000000000D+00  0.00000000000000D+00  0.12500000000000D+00
           -0.12500000000000D+00  0.00000000000000D+00  0.25000000000000D+00
            0.50000000000000D+00  0.12500000000000D+00  0.00000000000000D+00
           -0.37500000000000D+00  0.12500000000000D+00  0.12500000000000D+00
           -0.25000000000000D+00  0.12500000000000D+00  0.25000000000000D+00
           -0.12500000000000D+00  0.12500000000000D+00  0.37500000000000D+00
            0.37500000000000D+00  0.25000000000000D+00  0.00000000000000D+00
            0.50000000000000D+00  0.25000000000000D+00  0.12500000000000D+00
           -0.37500000000000D+00  0.25000000000000D+00  0.25000000000000D+00
           -0.25000000000000D+00  0.25000000000000D+00  0.37500000000000D+00
           -0.12500000000000D+00  0.25000000000000D+00  0.50000000000000D+00
            0.25000000000000D+00  0.37500000000000D+00  0.00000000000000D+00
            0.37500000000000D+00  0.37500000000000D+00  0.12500000000000D+00
            0.50000000000000D+00  0.37500000000000D+00  0.25000000000000D+00
           -0.37500000000000D+00  0.37500000000000D+00  0.37500000000000D+00
           -0.25000000000000D+00  0.37500000000000D+00  0.50000000000000D+00
           -0.12500000000000D+00  0.37500000000000D+00 -0.37500000000000D+00
            0.12500000000000D+00  0.50000000000000D+00  0.00000000000000D+00
            0.25000000000000D+00  0.50000000000000D+00  0.12500000000000D+00
            0.37500000000000D+00  0.50000000000000D+00  0.25000000000000D+00
            0.50000000000000D+00  0.50000000000000D+00  0.37500000000000D+00
           -0.37500000000000D+00  0.50000000000000D+00  0.50000000000000D+00
           -0.25000000000000D+00  0.50000000000000D+00 -0.37500000000000D+00
           -0.12500000000000D+00  0.50000000000000D+00 -0.25000000000000D+00
            0.00000000000000D+00 -0.37500000000000D+00  0.00000000000000D+00
            0.12500000000000D+00 -0.37500000000000D+00  0.12500000000000D+00
            0.25000000000000D+00 -0.37500000000000D+00  0.25000000000000D+00
            0.37500000000000D+00 -0.37500000000000D+00  0.37500000000000D+00
            0.50000000000000D+00 -0.37500000000000D+00  0.50000000000000D+00
           -0.37500000000000D+00 -0.37500000000000D+00 -0.37500000000000D+00
           -0.25000000000000D+00 -0.37500000000000D+00 -0.25000000000000D+00
           -0.12500000000000D+00 -0.37500000000000D+00 -0.12500000000000D+00
            0.00000000000000D+00 -0.25000000000000D+00  0.12500000000000D+00
            0.12500000000000D+00 -0.25000000000000D+00  0.25000000000000D+00
            0.25000000000000D+00 -0.25000000000000D+00  0.37500000000000D+00
            0.37500000000000D+00 -0.25000000000000D+00  0.50000000000000D+00
            0.50000000000000D+00 -0.25000000000000D+00 -0.37500000000000D+00
           -0.37500000000000D+00 -0.25000000000000D+00 -0.25000000000000D+00
           -0.25000000000000D+00 -0.25000000000000D+00 -0.12500000000000D+00
            0.00000000000000D+00 -0.12500000000000D+00  0.25000000000000D+00
            0.12500000000000D+00 -0.12500000000000D+00  0.37500000000000D+00
            0.25000000000000D+00 -0.12500000000000D+00  0.50000000000000D+00
            0.37500000000000D+00 -0.12500000000000D+00 -0.37500000000000D+00
            0.50000000000000D+00 -0.12500000000000D+00 -0.25000000000000D+00
           -0.37500000000000D+00 -0.12500000000000D+00 -0.12500000000000D+00
            0.37500000000000D+00  0.00000000000000D+00  0.00000000000000D+00
            0.50000000000000D+00  0.00000000000000D+00  0.12500000000000D+00
           -0.37500000000000D+00  0.00000000000000D+00  0.25000000000000D+00
           -0.25000000000000D+00  0.00000000000000D+00  0.37500000000000D+00
           -0.12500000000000D+00  0.00000000000000D+00  0.50000000000000D+00
            0.25000000000000D+00  0.12500000000000D+00  0.00000000000000D+00
            0.37500000000000D+00  0.12500000000000D+00  0.12500000000000D+00
            0.50000000000000D+00  0.12500000000000D+00  0.25000000000000D+00
           -0.37500000000000D+00  0.12500000000000D+00  0.37500000000000D+00
           -0.25000000000000D+00  0.12500000000000D+00  0.50000000000000D+00
           -0.12500000000000D+00  0.12500000000000D+00 -0.37500000000000D+00
            0.12500000000000D+00  0.25000000000000D+00  0.00000000000000D+00
            0.25000000000000D+00  0.25000000000000D+00  0.12500000000000D+00
            0.37500000000000D+00  0.25000000000000D+00  0.25000000000000D+00
            0.50000000000000D+00  0.25000000000000D+00  0.37500000000000D+00
           -0.37500000000000D+00  0.25000000000000D+00  0.50000000000000D+00
           -0.25000000000000D+00  0.25000000000000D+00 -0.37500000000000D+00
           -0.12500000000000D+00  0.25000000000000D+00 -0.25000000000000D+00
            0.00000000000000D+00  0.37500000000000D+00  0.00000000000000D+00
            0.12500000000000D+00  0.37500000000000D+00  0.12500000000000D+00
            0.25000000000000D+00  0.37500000000000D+00  0.25000000000000D+00
            0.37500000000000D+00  0.37500000000000D+00  0.37500000000000D+00
            0.50000000000000D+00  0.37500000000000D+00  0.50000000000000D+00
           -0.37500000000000D+00  0.37500000000000D+00 -0.37500000000000D+00
           -0.25000000000000D+00  0.37500000000000D+00 -0.25000000000000D+00
           -0.12500000000000D+00  0.37500000000000D+00 -0.12500000000000D+00
            0.00000000000000D+00  0.50000000000000D+00  0.12500000000000D+00
            0.12500000000000D+00  0.50000000000000D+00  0.25000000000000D+00
            0.25000000000000D+00  0.50000000000000D+00  0.37500000000000D+00
            0.37500000000000D+00  0.50000000000000D+00  0.50000000000000D+00
            0.50000000000000D+00  0.50000000000000D+00 -0.37500000000000D+00
           -0.37500000000000D+00  0.50000000000000D+00 -0.25000000000000D+00
           -0.25000000000000D+00  0.50000000000000D+00 -0.12500000000000D+00
            0.00000000000000D+00 -0.37500000000000D+00  0.25000000000000D+00
            0.12500000000000D+00 -0.37500000000000D+00  0.37500000000000D+00
            0.25000000000000D+00 -0.37500000000000D+00  0.50000000000000D+00
            0.37500000000000D+00 -0.37500000000000D+00 -0.37500000000000D+00
            0.50000000000000D+00 -0.37500000000000D+00 -0.25000000000000D+00
           -0.37500000000000D+00 -0.37500000000000D+00 -0.12500000000000D+00
            0.00000000000000D+00 -0.25000000000000D+00  0.37500000000000D+00
            0.12500000000000D+00 -0.25000000000000D+00  0.50000000000000D+00
            0.25000000000000D+00 -0.25000000000000D+00 -0.37500000000000D+00
            0.37500000000000D+00 -0.25000000000000D+00 -0.25000000000000D+00
            0.50000000000000D+00 -0.25000000000000D+00 -0.12500000000000D+00
            0.00000000000000D+00 -0.12500000000000D+00  0.50000000000000D+00
            0.12500000000000D+00 -0.12500000000000D+00 -0.37500000000000D+00
            0.25000000000000D+00 -0.12500000000000D+00 -0.25000000000000D+00
            0.37500000000000D+00 -0.12500000000000D+00 -0.12500000000000D+00
            0.12500000000000D+00  0.00000000000000D+00  0.00000000000000D+00
            0.25000000000000D+00  0.00000000000000D+00  0.12500000000000D+00
            0.37500000000000D+00  0.00000000000000D+00  0.25000000000000D+00
            0.50000000000000D+00  0.00000000000000D+00  0.37500000000000D+00
           -0.37500000000000D+00  0.00000000000000D+00  0.50000000000000D+00
           -0.25000000000000D+00  0.00000000000000D+00 -0.37500000000000D+00
           -0.12500000000000D+00  0.00000000000000D+00 -0.25000000000000D+00
            0.00000000000000D+00  0.12500000000000D+00  0.00000000000000D+00
            0.12500000000000D+00  0.12500000000000D+00  0.12500000000000D+00
            0.25000000000000D+00  0.12500000000000D+00  0.25000000000000D+00
            0.37500000000000D+00  0.12500000000000D+00  0.37500000000000D+00
            0.50000000000000D+00  0.12500000000000D+00  0.50000000000000D+00
           -0.37500000000000D+00  0.12500000000000D+00 -0.37500000000000D+00
           -0.25000000000000D+00  0.12500000000000D+00 -0.25000000000000D+00
           -0.12500000000000D+00  0.12500000000000D+00 -0.12500000000000D+00
            0.00000000000000D+00  0.25000000000000D+00  0.12500000000000D+00
            0.12500000000000D+00  0.25000000000000D+00  0.25000000000000D+00
            0.25000000000000D+00  0.25000000000000D+00  0.37500000000000D+00
            0.37500000000000D+00  0.25000000000000D+00  0.50000000000000D+00
            0.50000000000000D+00  0.25000000000000D+00 -0.37500000000000D+00
           -0.37500000000000D+00  0.25000000000000D+00 -0.25000000000000D+00
           -0.25000000000000D+00  0.25000000000000D+00 -0.12500000000000D+00
            0.00000000000000D+00  0.37500000000000D+00  0.25000000000000D+00
            0.12500000000000D+00  0.37500000000000D+00  0.37500000000000D+00
            0.25000000000000D+00  0.37500000000000D+00  0.50000000000000D+00
            0.37500000000000D+00  0.37500000000000D+00 -0.37500000000000D+00
            0.50000000000000D+00  0.37500000000000D+00 -0.25000000000000D+00
           -0.37500000000000D+00  0.37500000000000D+00 -0.12500000000000D+00
            0.00000000000000D+00  0.50000000000000D+00  0.37500000000000D+00
            0.12500000000000D+00  0.50000000000000D+00  0.50000000000000D+00
            0.25000000000000D+00  0.50000000000000D+00 -0.37500000000000D+00
            0.37500000000000D+00  0.50000000000000D+00 -0.25000000000000D+00
            0.50000000000000D+00  0.50000000000000D+00 -0.12500000000000D+00
            0.00000000000000D+00 -0.37500000000000D+00  0.50000000000000D+00
            0.12500000000000D+00 -0.37500000000000D+00 -0.37500000000000D+00
            0.25000000000000D+00 -0.37500000000000D+00 -0.25000000000000D+00
            0.37500000000000D+00 -0.37500000000000D+00 -0.12500000000000D+00
            0.00000000000000D+00 -0.25000000000000D+00 -0.37500000000000D+00
            0.12500000000000D+00 -0.25000000000000D+00 -0.25000000000000D+00
            0.25000000000000D+00 -0.25000000000000D+00 -0.12500000000000D+00
            0.00000000000000D+00 -0.12500000000000D+00 -0.25000000000000D+00
            0.12500000000000D+00 -0.12500000000000D+00 -0.12500000000000D+00
            0.00000000000000D+00  0.00000000000000D+00  0.12500000000000D+00
            0.12500000000000D+00  0.00000000000000D+00  0.25000000000000D+00
            0.25000000000000D+00  0.00000000000000D+00  0.37500000000000D+00
            0.37500000000000D+00  0.00000000000000D+00  0.50000000000000D+00
            0.50000000000000D+00  0.00000000000000D+00 -0.37500000000000D+00
           -0.37500000000000D+00  0.00000000000000D+00 -0.25000000000000D+00
           -0.25000000000000D+00  0.00000000000000D+00 -0.12500000000000D+00
            0.00000000000000D+00  0.12500000000000D+00  0.25000000000000D+00
            0.12500000000000D+00  0.12500000000000D+00  0.37500000000000D+00
            0.25000000000000D+00  0.12500000000000D+00  0.50000000000000D+00
            0.37500000000000D+00  0.12500000000000D+00 -0.37500000000000D+00
            0.50000000000000D+00  0.12500000000000D+00 -0.25000000000000D+00
           -0.37500000000000D+00  0.12500000000000D+00 -0.12500000000000D+00
            0.00000000000000D+00  0.25000000000000D+00  0.37500000000000D+00
            0.12500000000000D+00  0.25000000000000D+00  0.50000000000000D+00
            0.25000000000000D+00  0.25000000000000D+00 -0.37500000000000D+00
            0.37500000000000D+00  0.25000000000000D+00 -0.25000000000000D+00
            0.50000000000000D+00  0.25000000000000D+00 -0.12500000000000D+00
            0.00000000000000D+00  0.37500000000000D+00  0.50000000000000D+00
            0.12500000000000D+00  0.37500000000000D+00 -0.37500000000000D+00
            0.25000000000000D+00  0.37500000000000D+00 -0.25000000000000D+00
            0.37500000000000D+00  0.37500000000000D+00 -0.12500000000000D+00
            0.00000000000000D+00  0.50000000000000D+00 -0.37500000000000D+00
            0.12500000000000D+00  0.50000000000000D+00 -0.25000000000000D+00
            0.25000000000000D+00  0.50000000000000D+00 -0.12500000000000D+00
            0.00000000000000D+00 -0.37500000000000D+00 -0.25000000000000D+00
            0.12500000000000D+00 -0.37500000000000D+00 -0.12500000000000D+00
            0.00000000000000D+00 -0.25000000000000D+00 -0.12500000000000D+00
            0.00000000000000D+00  0.00000000000000D+00  0.37500000000000D+00
            0.12500000000000D+00  0.00000000000000D+00  0.50000000000000D+00
            0.25000000000000D+00  0.00000000000000D+00 -0.37500000000000D+00
            0.37500000000000D+00  0.00000000000000D+00 -0.25000000000000D+00
            0.50000000000000D+00  0.00000000000000D+00 -0.12500000000000D+00
            0.00000000000000D+00  0.12500000000000D+00  0.50000000000000D+00
            0.12500000000000D+00  0.12500000000000D+00 -0.37500000000000D+00
            0.25000000000000D+00  0.12500000000000D+00 -0.25000000000000D+00
            0.37500000000000D+00  0.12500000000000D+00 -0.12500000000000D+00
            0.00000000000000D+00  0.25000000000000D+00 -0.37500000000000D+00
            0.12500000000000D+00  0.25000000000000D+00 -0.25000000000000D+00
            0.25000000000000D+00  0.25000000000000D+00 -0.12500000000000D+00
            0.00000000000000D+00  0.37500000000000D+00 -0.25000000000000D+00
            0.12500000000000D+00  0.37500000000000D+00 -0.12500000000000D+00
            0.00000000000000D+00  0.50000000000000D+00 -0.12500000000000D+00
            0.00000000000000D+00  0.00000000000000D+00 -0.37500000000000D+00
            0.12500000000000D+00  0.00000000000000D+00 -0.25000000000000D+00
            0.25000000000000D+00  0.00000000000000D+00 -0.12500000000000D+00
            0.00000000000000D+00  0.12500000000000D+00 -0.25000000000000D+00
            0.12500000000000D+00  0.12500000000000D+00 -0.12500000000000D+00
            0.00000000000000D+00  0.25000000000000D+00 -0.12500000000000D+00
            0.00000000000000D+00  0.00000000000000D+00 -0.12500000000000D+00
    kptnrm  0.10000000000000D+01
     ngfft        30   30   30
    nspden         1
   nspinor         1
       occ  0.20000000000000D+01  0.20000000000000D+01  0.20000000000000D+01
            0.20000000000000D+01
     rprim  0.70710678120000D+00  0.70710678117000D+00  0.69650239756000D-10
            0.31527828871000D-10  0.70710678117000D+00  0.70710678120000D+00
            0.70710678119000D+00 -0.21777182160000D-10  0.70710678119000D+00
  dfpt_sciss  0.00000000000000D+00
    spinat  0.00000000000000D+00  0.00000000000000D+00  0.00000000000000D+00
            0.00000000000000D+00  0.00000000000000D+00  0.00000000000000D+00
    symafm         1
    symrel         1    0    0    0    1    0    0    0    1
     tnons  0.00000000000000D+00  0.00000000000000D+00  0.00000000000000D+00
    tolwfr  0.10000000000000D+01
   tphysel  0.00000000000000D+00
    tsmear  0.10000000000000D-01
     typat         1    1
       wtk  0.39062500000000D-02  0.39062500000000D-02  0.39062500000000D-02
            0.39062500000000D-02  0.39062500000000D-02  0.39062500000000D-02
            0.39062500000000D-02  0.39062500000000D-02  0.39062500000000D-02
            0.39062500000000D-02  0.39062500000000D-02  0.39062500000000D-02
            0.39062500000000D-02  0.39062500000000D-02  0.39062500000000D-02
            0.39062500000000D-02  0.39062500000000D-02  0.39062500000000D-02
            0.39062500000000D-02  0.39062500000000D-02  0.39062500000000D-02
            0.39062500000000D-02  0.39062500000000D-02  0.39062500000000D-02
            0.39062500000000D-02  0.39062500000000D-02  0.39062500000000D-02
            0.39062500000000D-02  0.39062500000000D-02  0.39062500000000D-02
            0.39062500000000D-02  0.39062500000000D-02  0.39062500000000D-02
            0.39062500000000D-02  0.39062500000000D-02  0.39062500000000D-02
            0.39062500000000D-02  0.39062500000000D-02  0.39062500000000D-02
            0.39062500000000D-02  0.39062500000000D-02  0.39062500000000D-02
            0.39062500000000D-02  0.39062500000000D-02  0.39062500000000D-02
            0.39062500000000D-02  0.39062500000000D-02  0.39062500000000D-02
            0.39062500000000D-02  0.39062500000000D-02  0.39062500000000D-02
            0.39062500000000D-02  0.39062500000000D-02  0.39062500000000D-02
            0.39062500000000D-02  0.39062500000000D-02  0.39062500000000D-02
            0.39062500000000D-02  0.39062500000000D-02  0.39062500000000D-02
            0.39062500000000D-02  0.39062500000000D-02  0.39062500000000D-02
            0.39062500000000D-02  0.39062500000000D-02  0.39062500000000D-02
            0.39062500000000D-02  0.39062500000000D-02  0.39062500000000D-02
            0.39062500000000D-02  0.39062500000000D-02  0.39062500000000D-02
            0.39062500000000D-02  0.39062500000000D-02  0.39062500000000D-02
            0.39062500000000D-02  0.39062500000000D-02  0.39062500000000D-02
            0.39062500000000D-02  0.39062500000000D-02  0.39062500000000D-02
            0.39062500000000D-02  0.39062500000000D-02  0.39062500000000D-02
            0.39062500000000D-02  0.39062500000000D-02  0.39062500000000D-02
            0.39062500000000D-02  0.39062500000000D-02  0.39062500000000D-02
            0.39062500000000D-02  0.39062500000000D-02  0.39062500000000D-02
            0.39062500000000D-02  0.39062500000000D-02  0.39062500000000D-02
            0.39062500000000D-02  0.39062500000000D-02  0.39062500000000D-02
            0.39062500000000D-02  0.39062500000000D-02  0.39062500000000D-02
            0.39062500000000D-02  0.39062500000000D-02  0.39062500000000D-02
            0.39062500000000D-02  0.39062500000000D-02  0.39062500000000D-02
            0.39062500000000D-02  0.39062500000000D-02  0.39062500000000D-02
            0.39062500000000D-02  0.39062500000000D-02  0.39062500000000D-02
            0.39062500000000D-02  0.39062500000000D-02  0.39062500000000D-02
            0.39062500000000D-02  0.39062500000000D-02  0.39062500000000D-02
            0.39062500000000D-02  0.39062500000000D-02  0.39062500000000D-02
            0.39062500000000D-02  0.39062500000000D-02  0.39062500000000D-02
            0.39062500000000D-02  0.39062500000000D-02  0.39062500000000D-02
            0.39062500000000D-02  0.39062500000000D-02  0.39062500000000D-02
            0.39062500000000D-02  0.39062500000000D-02  0.39062500000000D-02
            0.39062500000000D-02  0.39062500000000D-02  0.39062500000000D-02
            0.39062500000000D-02  0.39062500000000D-02  0.39062500000000D-02
            0.39062500000000D-02  0.39062500000000D-02  0.39062500000000D-02
            0.39062500000000D-02  0.39062500000000D-02  0.39062500000000D-02
            0.39062500000000D-02  0.39062500000000D-02  0.39062500000000D-02
            0.39062500000000D-02  0.39062500000000D-02  0.39062500000000D-02
            0.39062500000000D-02  0.39062500000000D-02  0.39062500000000D-02
            0.39062500000000D-02  0.39062500000000D-02  0.39062500000000D-02
            0.39062500000000D-02  0.39062500000000D-02  0.39062500000000D-02
            0.39062500000000D-02  0.39062500000000D-02  0.39062500000000D-02
            0.39062500000000D-02  0.39062500000000D-02  0.39062500000000D-02
            0.39062500000000D-02  0.39062500000000D-02  0.39062500000000D-02
            0.39062500000000D-02  0.39062500000000D-02  0.39062500000000D-02
            0.39062500000000D-02  0.39062500000000D-02  0.39062500000000D-02
            0.39062500000000D-02  0.39062500000000D-02  0.39062500000000D-02
            0.39062500000000D-02  0.39062500000000D-02  0.39062500000000D-02
            0.39062500000000D-02  0.39062500000000D-02  0.39062500000000D-02
            0.39062500000000D-02  0.39062500000000D-02  0.39062500000000D-02
            0.39062500000000D-02  0.39062500000000D-02  0.39062500000000D-02
            0.39062500000000D-02  0.39062500000000D-02  0.39062500000000D-02
            0.39062500000000D-02  0.39062500000000D-02  0.39062500000000D-02
            0.39062500000000D-02  0.39062500000000D-02  0.39062500000000D-02
            0.39062500000000D-02  0.39062500000000D-02  0.39062500000000D-02
            0.39062500000000D-02  0.39062500000000D-02  0.39062500000000D-02
            0.39062500000000D-02  0.39062500000000D-02  0.39062500000000D-02
            0.39062500000000D-02  0.39062500000000D-02  0.39062500000000D-02
            0.39062500000000D-02  0.39062500000000D-02  0.39062500000000D-02
            0.39062500000000D-02  0.39062500000000D-02  0.39062500000000D-02
            0.39062500000000D-02  0.39062500000000D-02  0.39062500000000D-02
            0.39062500000000D-02  0.39062500000000D-02  0.39062500000000D-02
            0.39062500000000D-02  0.39062500000000D-02  0.39062500000000D-02
            0.39062500000000D-02  0.39062500000000D-02  0.39062500000000D-02
            0.39062500000000D-02  0.39062500000000D-02  0.39062500000000D-02
            0.39062500000000D-02  0.39062500000000D-02  0.39062500000000D-02
            0.39062500000000D-02  0.39062500000000D-02  0.39062500000000D-02
            0.39062500000000D-02  0.39062500000000D-02  0.39062500000000D-02
            0.39062500000000D-02  0.39062500000000D-02  0.39062500000000D-02
            0.39062500000000D-02  0.39062500000000D-02  0.39062500000000D-02
            0.39062500000000D-02  0.39062500000000D-02  0.39062500000000D-02
            0.39062500000000D-02  0.39062500000000D-02  0.39062500000000D-02
            0.39062500000000D-02
      xred  0.38076535396000D-10 -0.56571522372000D-11  0.44847551496000D-11
            0.24999999996000D+00  0.25000000001000D+00  0.25000000000000D+00
     znucl  0.14000000000000D+02
      zion  0.40000000000000D+01
 
  Description of the potentials (KB energies)
  vrsio8 (for pseudopotentials)=100401
  usepaw =  0
  dimekb =  6       lmnmax=  6
  Atom type=    1   pspso=  0   nekb=   6
  iln lpsang iproj  ekb(:)
     1     0     1     5.1689652E+00  0.0000000E+00  0.0000000E+00  0.0000000E+00
                       0.0000000E+00  0.0000000E+00
     2     0     2     0.0000000E+00  8.2988269E-01  0.0000000E+00  0.0000000E+00
                       0.0000000E+00  0.0000000E+00
     3     1     1     0.0000000E+00  0.0000000E+00  2.5712823E+00  0.0000000E+00
                       0.0000000E+00  0.0000000E+00
     4     1     2     0.0000000E+00  0.0000000E+00  0.0000000E+00  5.7830699E-01
                       0.0000000E+00  0.0000000E+00
     5     2     1     0.0000000E+00  0.0000000E+00  0.0000000E+00  0.0000000E+00
                      -2.4273106E+00  0.0000000E+00
     6     2     2     0.0000000E+00  0.0000000E+00  0.0000000E+00  0.0000000E+00
                      -2.4273106E+00  0.0000000E+00
 
 **** Database of total energy derivatives ****
 Number of data blocks=   19
  
 Total energy                 - # elements :       1
 -0.84624447283859D+01  0.00000000000000D+00
  
 1st derivatives              - # elements :      12
   1   1 -0.60513710796601D-08  0.00000000000000D+00
   2   1 -0.31197075457206D-08  0.00000000000000D+00
   3   1  0.37344199427473D-08  0.00000000000000D+00
   1   2  0.82812486163161D-08  0.00000000000000D+00
   2   2  0.34506072488600D-08  0.00000000000000D+00
   3   2 -0.12181593816793D-08  0.00000000000000D+00
   1   5  0.13471080209937D-05  0.00000000000000D+00
   2   5  0.13471080192512D-05  0.00000000000000D+00
   3   5  0.13471030876344D-05  0.00000000000000D+00
   1   6  0.10360044656503D-10  0.00000000000000D+00
   2   6  0.49802318307040D-10  0.00000000000000D+00
   3   6 -0.25712516321294D-10  0.00000000000000D+00
  
 2nd derivatives (non-stat.)  - # elements :     171
 qpt  0.00000000E+00  0.00000000E+00  0.00000000E+00   1.0
   1   1   1   1  0.71906955336416D+01  0.00000000000000D+00
   2   1   1   1  0.35953418852713D+01  0.00000000000000D+00
   3   1   1   1  0.35953510070321D+01  0.00000000000000D+00
   1   2   1   1 -0.71906993941770D+01 -0.25207749235376D-17
   2   2   1   1 -0.35953496945410D+01 -0.18003873643367D-16
   3   2   1   1 -0.35953496900028D+01 -0.16908285967850D-16
   1   4   1   1 -0.25595316280162D+02  0.00000000000000D+00
   2   4   1   1  0.33890752915156D-06  0.00000000000000D+00
   3   4   1   1  0.38349771736002D-06  0.00000000000000D+00
   1   1   2   1  0.35953433831859D+01  0.00000000000000D+00
   2   1   2   1  0.71906417082035D+01  0.00000000000000D+00
   3   1   2   1  0.35953305630511D+01  0.00000000000000D+00
   1   2   2   1 -0.35953496978266D+01 -0.18003873643367D-16
   2   2   2   1 -0.71906994023991D+01  0.11109097385605D-16
   3   2   2   1 -0.35953497065131D+01 -0.17544969276154D-16
   1   4   2   1  0.14149770422023D-06  0.00000000000000D+00
   2   4   2   1 -0.25595314493539D+02  0.00000000000000D+00
   3   4   2   1  0.13715936320047D-06  0.00000000000000D+00
   1   1   3   1  0.35953511287345D+01  0.00000000000000D+00
   2   1   3   1  0.35953292036843D+01  0.00000000000000D+00
   3   1   3   1  0.71906477589575D+01  0.00000000000000D+00
   1   2   3   1 -0.35953497084618D+01 -0.16908285967850D-16
   2   2   3   1 -0.35953497043049D+01 -0.17544969276154D-16
   3   2   3   1 -0.71906994356559D+01 -0.55514585438978D-18
   1   4   3   1  0.16100597222124D-06  0.00000000000000D+00
   2   4   3   1  0.50757853697903D-07  0.00000000000000D+00
   3   4   3   1 -0.25595315454446D+02  0.00000000000000D+00
   1   1   1   2 -0.71906993926463D+01  0.25207749235376D-17
   2   1   1   2 -0.35953496923244D+01  0.18003873643367D-16
   3   1   1   2 -0.35953496861360D+01  0.16908285967850D-16
   1   2   1   2  0.71907040453748D+01  0.00000000000000D+00
   2   2   1   2  0.35953520325043D+01  0.00000000000000D+00
   3   2   1   2  0.35953521738014D+01  0.00000000000000D+00
   1   4   1   2 -0.25595320316618D+02  0.00000000000000D+00
   2   4   1   2  0.93339122875236D-07  0.00000000000000D+00
   3   4   1   2 -0.56039459739310D-07  0.00000000000000D+00
   1   1   2   2 -0.35953497001317D+01  0.18003873643367D-16
   2   1   2   2 -0.71906994038513D+01 -0.11109097385605D-16
   3   1   2   2 -0.35953497080120D+01  0.17544969276154D-16
   1   2   2   2  0.35953535267668D+01  0.00000000000000D+00
   2   2   2   2  0.71907069795455D+01  0.00000000000000D+00
   3   2   2   2  0.35953535288132D+01  0.00000000000000D+00
   1   4   2   2 -0.49093947129819D-07  0.00000000000000D+00
   2   4   2   2 -0.25595318944669D+02  0.00000000000000D+00
   3   4   2   2 -0.37476250325241D-07  0.00000000000000D+00
   1   1   3   2 -0.35953497116361D+01  0.16908285967850D-16
   2   1   3   2 -0.35953497036011D+01  0.17544969276154D-16
   3   1   3   2 -0.71906994362063D+01  0.55514585438978D-18
   1   2   3   2  0.35953522948977D+01  0.00000000000000D+00
   2   2   3   2  0.35953521659355D+01  0.00000000000000D+00
   3   2   3   2  0.71907042680581D+01  0.00000000000000D+00
   1   4   3   2 -0.10067839606442D-06  0.00000000000000D+00
   2   4   3   2  0.13109683560941D-07  0.00000000000000D+00
   3   4   3   2 -0.25595320086998D+02  0.00000000000000D+00
   1   1   1   4 -0.25595318023150D+02  0.00000000000000D+00
   2   1   1   4  0.11493541985761D-06  0.00000000000000D+00
   3   1   1   4  0.10583414683046D-06  0.00000000000000D+00
   1   2   1   4 -0.25595322060090D+02  0.00000000000000D+00
   2   2   1   4 -0.75305568128461D-07  0.00000000000000D+00
   3   2   1   4 -0.15205797960099D-06  0.00000000000000D+00
   1   4   1   4 -0.31562824027071D+03  0.00000000000000D+00
   2   4   1   4  0.10520941623523D+03  0.00000000000000D+00
   3   4   1   4  0.10520941117671D+03  0.00000000000000D+00
   1   1   2   4  0.25691398029867D-06  0.00000000000000D+00
   2   1   2   4 -0.25595317538288D+02  0.00000000000000D+00
   3   1   2   4  0.10142430017909D-08  0.00000000000000D+00
   1   2   2   4  0.98171559944072D-08  0.00000000000000D+00
   2   2   2   4 -0.25595321988873D+02  0.00000000000000D+00
   3   2   2   4 -0.41424386837044D-07  0.00000000000000D+00
   1   4   2   4  0.10520941602462D+03  0.00000000000000D+00
   2   4   2   4 -0.31562823174870D+03  0.00000000000000D+00
   3   4   2   4  0.10520940671125D+03  0.00000000000000D+00
   1   1   3   4  0.39016055470475D-06  0.00000000000000D+00
   2   1   3   4  0.16090459393216D-06  0.00000000000000D+00
   3   1   3   4 -0.25595317169358D+02  0.00000000000000D+00
   1   2   3   4 -0.49669081656751D-07  0.00000000000000D+00
   2   2   3   4 -0.15484516320988D-07  0.00000000000000D+00
   3   2   3   4 -0.25595321798732D+02  0.00000000000000D+00
   1   4   3   4  0.10520941116968D+03  0.00000000000000D+00
   2   4   3   4  0.10520940678615D+03  0.00000000000000D+00
   3   4   3   4 -0.31562822254036D+03  0.00000000000000D+00
   1   1   1   5 -0.46172660003572D-07  0.00000000000000D+00
   2   1   1   5  0.63861247259833D-07  0.00000000000000D+00
   3   1   1   5 -0.16517227210558D-06  0.00000000000000D+00
   1   2   1   5  0.17870342497232D-06  0.00000000000000D+00
   2   2   1   5 -0.15592267088026D-08  0.00000000000000D+00
   3   2   1   5  0.24452051803025D-06  0.00000000000000D+00
   1   4   1   5  0.11021032898275D-06  0.00000000000000D+00
   2   4   1   5 -0.18731329819342D-06  0.00000000000000D+00
   3   4   1   5  0.20731757412281D-06  0.00000000000000D+00
   1   5   1   5  0.14350607304186D+01  0.00000000000000D+00
   2   5   1   5  0.52808819450751D+00  0.00000000000000D+00
   3   5   1   5  0.52808819251376D+00  0.00000000000000D+00
   1   6   1   5  0.83147828578016D-07  0.00000000000000D+00
   2   6   1   5 -0.30282883701652D-07  0.00000000000000D+00
   3   6   1   5  0.17291424097400D-07  0.00000000000000D+00
   1   1   2   5  0.12515809031268D-06  0.00000000000000D+00
   2   1   2   5 -0.78915010842551D-07  0.00000000000000D+00
   3   1   2   5  0.14403522213318D-06  0.00000000000000D+00
   1   2   2   5  0.63348272424946D-08  0.00000000000000D+00
   2   2   2   5  0.15303491252278D-06  0.00000000000000D+00
   3   2   2   5 -0.85308024421907D-07  0.00000000000000D+00
   1   4   2   5  0.11244274356954D-06  0.00000000000000D+00
   2   4   2   5  0.15787858458540D-06  0.00000000000000D+00
   3   4   2   5 -0.15935807797286D-06  0.00000000000000D+00
   1   5   2   5  0.52808819289463D+00  0.00000000000000D+00
   2   5   2   5  0.14350607331092D+01  0.00000000000000D+00
   3   5   2   5  0.52808819112662D+00  0.00000000000000D+00
   1   6   2   5 -0.69305539427276D-07  0.00000000000000D+00
   2   6   2   5  0.75933613085043D-08  0.00000000000000D+00
   3   6   2   5  0.17544186286800D-07  0.00000000000000D+00
   1   1   3   5  0.10272763711392D-06  0.00000000000000D+00
   2   1   3   5  0.10332161061491D-06  0.00000000000000D+00
   3   1   3   5  0.15591246650901D-06  0.00000000000000D+00
   1   2   3   5  0.69043615084344D-08  0.00000000000000D+00
   2   2   3   5 -0.51640605245037D-07  0.00000000000000D+00
   3   2   3   5 -0.94520268860774D-07  0.00000000000000D+00
   1   4   3   5 -0.56825999916832D-07  0.00000000000000D+00
   2   4   3   5 -0.35692298085343D-07  0.00000000000000D+00
   3   4   3   5  0.24322095050222D-07  0.00000000000000D+00
   1   5   3   5  0.52808818124069D+00  0.00000000000000D+00
   2   5   3   5  0.52808818320363D+00  0.00000000000000D+00
   3   5   3   5  0.14350607277324D+01  0.00000000000000D+00
   1   6   3   5 -0.22177444832361D-07  0.00000000000000D+00
   2   6   3   5 -0.23918293686182D-08  0.00000000000000D+00
   3   6   3   5 -0.19242767809995D-07  0.00000000000000D+00
   1   1   1   6 -0.91349653128470D+00  0.00000000000000D+00
   2   1   1   6  0.21857950735559D-07  0.00000000000000D+00
   3   1   1   6 -0.91349651753159D+00  0.00000000000000D+00
   1   2   1   6  0.91349707362355D+00  0.00000000000000D+00
   2   2   1   6  0.52372965324226D-07  0.00000000000000D+00
   3   2   1   6  0.91349713383151D+00  0.00000000000000D+00
   1   4   1   6 -0.86693073148725D-06  0.00000000000000D+00
   2   4   1   6  0.88200665620296D-06  0.00000000000000D+00
   3   4   1   6 -0.90487835524726D-06  0.00000000000000D+00
   1   5   1   6  0.18819245722097D-08  0.00000000000000D+00
   2   5   1   6  0.44391987535410D-08  0.00000000000000D+00
   3   5   1   6  0.37832013011362D-08  0.00000000000000D+00
   1   6   1   6  0.93610601151174D+00  0.00000000000000D+00
   2   6   1   6  0.15954673583170D-08  0.00000000000000D+00
   3   6   1   6  0.29876359064796D-08  0.00000000000000D+00
   1   1   2   6 -0.91349651250078D+00  0.00000000000000D+00
   2   1   2   6 -0.91349645642893D+00  0.00000000000000D+00
   3   1   2   6  0.61486943057440D-07  0.00000000000000D+00
   1   2   2   6  0.91349706194072D+00  0.00000000000000D+00
   2   2   2   6  0.91349708736393D+00  0.00000000000000D+00
   3   2   2   6  0.18883333645137D-07  0.00000000000000D+00
   1   4   2   6 -0.90364465054051D-06  0.00000000000000D+00
   2   4   2   6 -0.93097769389029D-06  0.00000000000000D+00
   3   4   2   6  0.90456887021668D-06  0.00000000000000D+00
   1   5   2   6 -0.23318118352898D-08  0.00000000000000D+00
   2   5   2   6  0.20705739554798D-08  0.00000000000000D+00
   3   5   2   6 -0.22440405415698D-08  0.00000000000000D+00
   1   6   2   6  0.17954160218644D-08  0.00000000000000D+00
   2   6   2   6  0.93610600184596D+00  0.00000000000000D+00
   3   6   2   6 -0.14680336079213D-07  0.00000000000000D+00
   1   1   3   6  0.93965206624489D-07  0.00000000000000D+00
   2   1   3   6 -0.91349644384194D+00  0.00000000000000D+00
   3   1   3   6 -0.91349649137448D+00  0.00000000000000D+00
   1   2   3   6  0.54568501389392D-07  0.00000000000000D+00
   2   2   3   6  0.91349707229900D+00  0.00000000000000D+00
   3   2   3   6  0.91349711028836D+00  0.00000000000000D+00
   1   4   3   6  0.88684171121030D-06  0.00000000000000D+00
   2   4   3   6 -0.89800354862770D-06  0.00000000000000D+00
   3   4   3   6 -0.91086235004227D-06  0.00000000000000D+00
   1   5   3   6  0.24698487455152D-08  0.00000000000000D+00
   2   5   3   6  0.27245197134705D-08  0.00000000000000D+00
   3   5   3   6 -0.21879885021213D-08  0.00000000000000D+00
   1   6   3   6 -0.14759578353646D-08  0.00000000000000D+00
   2   6   3   6 -0.20861368137222D-07  0.00000000000000D+00
   3   6   3   6  0.93610600438248D+00  0.00000000000000D+00
  
 2nd derivatives (non-stat.)  - # elements :      36
 qpt  2.50000000E-01  0.00000000E+00  0.00000000E+00   1.0
   1   1   1   1  0.75306580921045D+01 -0.78374652008991D-15
   2   1   1   1  0.34587570295128D+01  0.16930779480076D-06
   3   1   1   1  0.34587661580874D+01  0.17586541398530D-06
   1   2   1   1 -0.43393093466899D+01 -0.26219037006411D+01
   2   2   1   1 -0.31934972461593D+01 -0.25382896420122D+00
   3   2   1   1 -0.31934972531278D+01 -0.25382896418318D+00
   1   1   2   1  0.34587577088951D+01 -0.25312634491687D-07
   2   1   2   1  0.69174692193498D+01 -0.58127802796629D-15
   3   1   2   1  0.34587443304595D+01  0.19651292648242D-07
   1   2   2   1 -0.31934968127645D+01 -0.25382894788077D+00
   2   2   2   1 -0.63869942179048D+01 -0.50765775903353D+00
   3   2   2   1 -0.31934971089006D+01 -0.25382887755384D+00
   1   1   3   1  0.34587668570437D+01 -0.20711936081828D-06
   2   1   3   1  0.34587443270997D+01  0.22912210490358D-07
   3   1   3   1  0.69174780003108D+01 -0.53458743894820D-16
   1   2   3   1 -0.31934964432332D+01 -0.25382907362991D+00
   2   2   3   1 -0.31934971159296D+01 -0.25382887749188D+00
   3   2   3   1 -0.63869942261364D+01 -0.50765775706685D+00
   1   1   1   2 -0.43393093463235D+01  0.26219036952214D+01
   2   1   1   2 -0.31934972387445D+01  0.25382897067680D+00
   3   1   1   2 -0.31934972359949D+01  0.25382897412557D+00
   1   2   1   2  0.75306665789317D+01 -0.78374652008990D-15
   2   2   1   2  0.34587672463723D+01 -0.17201404303426D-06
   3   2   1   2  0.34587673893032D+01 -0.17393138513536D-06
   1   1   2   2 -0.31934968183003D+01  0.25382895094593D+00
   2   1   2   2 -0.63869942183292D+01  0.50765775917236D+00
   3   1   2   2 -0.31934971102171D+01  0.25382887742939D+00
   1   2   2   2  0.34587679286380D+01  0.42476723843316D-07
   2   2   2   2  0.69175346262278D+01 -0.58127802796629D-15
   3   2   2   2  0.34587673727023D+01 -0.18780734949296D-07
   1   1   3   2 -0.31934964905903D+01  0.25382905634805D+00
   2   1   3   2 -0.31934971166317D+01  0.25382887712731D+00
   3   1   3   2 -0.63869942281408D+01  0.50765775534462D+00
   1   2   3   2  0.34587680671153D+01  0.20169630015560D-06
   2   2   3   2  0.34587673709565D+01 -0.23842575459737D-07
   3   2   3   2  0.69175346380038D+01 -0.53458743894833D-16
  
 2nd derivatives (non-stat.)  - # elements :      36
 qpt  5.00000000E-01  0.00000000E+00  0.00000000E+00   1.0
   1   1   1   1  0.78992325449386D+01  0.00000000000000D+00
   2   1   1   1  0.34137281105918D+01  0.95189478021520D-11
   3   1   1   1  0.34137373405330D+01  0.95184060228757D-11
   1   2   1   1 -0.16114477367574D+01  0.45866985475374D-10
   2   2   1   1 -0.30635645839230D+01 -0.51938270254340D-12
   3   2   1   1 -0.30635646854896D+01 -0.51786032029285D-12
   1   1   2   1  0.34137283301330D+01 -0.95303976135865D-11
   2   1   2   1  0.68274109935854D+01  0.00000000000000D+00
   3   1   2   1  0.34137151921324D+01 -0.21717261639607D-14
   1   2   2   1 -0.30635652532862D+01  0.24233164890667D-10
   2   2   2   1 -0.61271311495690D+01  0.98794550801434D-12
   3   2   2   1 -0.30635655564681D+01 -0.26906781971146D-11
   1   1   3   1  0.34137377775414D+01 -0.95420817717251D-11
   2   1   3   1  0.34137152936803D+01  0.13150701276165D-14
   3   1   3   1  0.68274199326899D+01  0.00000000000000D+00
   1   2   3   1 -0.30635650725304D+01  0.24216032623774D-10
   2   2   3   1 -0.30635656283855D+01 -0.26925491225366D-11
   3   2   3   1 -0.61271312519197D+01  0.98441370330493D-12
   1   1   1   2 -0.16114477444048D+01 -0.45866994265857D-10
   2   1   1   2 -0.30635645752170D+01 -0.24241172443325D-10
   3   1   1   2 -0.30635646597207D+01 -0.24242028989632D-10
   1   2   1   2  0.78992409874618D+01  0.00000000000000D+00
   2   2   1   2  0.34137383598887D+01 -0.77536115820117D-11
   3   2   1   2  0.34137385903973D+01 -0.77537950979497D-11
   1   1   2   2 -0.30635652714204D+01  0.52467341778156D-12
   2   1   2   2 -0.61271311501667D+01 -0.98798279718988D-12
   3   1   2   2 -0.30635655556613D+01  0.26899617074898D-11
   1   2   2   2  0.34137385678519D+01  0.77639083322404D-11
   2   2   2   2  0.68274764572076D+01  0.00000000000000D+00
   3   2   2   2  0.34137382665798D+01  0.14811338776345D-14
   1   1   3   2 -0.30635650845986D+01  0.54819585965760D-12
   2   1   3   2 -0.30635656294059D+01  0.26931290966052D-11
   3   1   3   2 -0.61271312529627D+01 -0.98587694043616D-12
   1   2   3   2  0.34137390424722D+01  0.77836443663894D-11
   2   2   3   2  0.34137383694827D+01 -0.12003197334065D-14
   3   2   3   2  0.68274766208496D+01  0.00000000000000D+00
  
 2nd derivatives (non-stat.)  - # elements :      36
 qpt  0.00000000E+00  2.50000000E-01  0.00000000E+00   1.0
   1   1   1   1  0.69175259385236D+01 -0.72883971541652D-16
   2   1   1   1  0.34587578583467D+01 -0.22302469124443D-06
   3   1   1   1  0.34587662202439D+01  0.31673260435897D-07
   1   2   1   1 -0.63869942085582D+01 -0.50765777556834D+00
   2   2   1   1 -0.31934962226795D+01 -0.25382914285688D+00
   3   2   1   1 -0.31934971135413D+01 -0.25382888631612D+00
   1   1   2   1  0.34587570269415D+01  0.17728156127988D-06
   2   1   2   1  0.75306012578380D+01  0.11886348684633D-15
   3   1   2   1  0.34587442214241D+01  0.18581661292954D-06
   1   2   2   1 -0.31934972829079D+01 -0.25382895095984D+00
   2   2   2   1 -0.43393094515065D+01 -0.26219036682631D+01
   3   2   2   1 -0.31934972753682D+01 -0.25382896458732D+00
   1   1   3   1  0.34587662368048D+01  0.26339678004142D-07
   2   1   3   1  0.34587451464584D+01  0.17157940819071D-07
   3   1   3   1  0.69174779459697D+01 -0.23016776047412D-16
   1   2   3   1 -0.31934971240036D+01 -0.25382886997194D+00
   2   2   3   1 -0.31934960749647D+01 -0.25382885235489D+00
   3   2   3   1 -0.63869942393363D+01 -0.50765774919280D+00
   1   1   1   2 -0.63869942062720D+01  0.50765777760644D+00
   2   1   1   2 -0.31934961942112D+01  0.25382914331266D+00
   3   1   1   2 -0.31934971104608D+01  0.25382888740793D+00
   1   2   1   2  0.69175345736194D+01 -0.72883971541652D-16
   2   2   1   2  0.34587681092427D+01  0.23147247902618D-06
   3   2   1   2  0.34587674666665D+01 -0.31249292789023D-07
   1   1   2   2 -0.31934972743012D+01  0.25382895601494D+00
   2   1   2   2 -0.43393094532049D+01  0.26219036712693D+01
   3   1   2   2 -0.31934972768782D+01  0.25382896166865D+00
   1   2   2   2  0.34587672499071D+01 -0.18132752207566D-06
   2   2   2   2  0.75306665087275D+01  0.11886348684633D-15
   3   2   2   2  0.34587672709480D+01 -0.18695407139837D-06
   1   1   3   2 -0.31934971272421D+01  0.25382886827041D+00
   2   1   3   2 -0.31934960831044D+01  0.25382888573886D+00
   3   1   3   2 -0.63869942407116D+01  0.50765774641916D+00
   1   2   3   2  0.34587674883776D+01 -0.26792451468202D-07
   2   2   3   2  0.34587681948453D+01  0.58688959054963D-08
   3   2   3   2  0.69175346163125D+01 -0.23016776047411D-16
  
 2nd derivatives (non-stat.)  - # elements :      36
 qpt  2.50000000E-01  2.50000000E-01  0.00000000E+00   1.0
   1   1   1   1  0.73578667231060D+01 -0.82477038370664D-15
   2   1   1   1  0.40914690005552D+01 -0.77791810482005D-08
   3   1   1   1  0.32663951094772D+01 -0.21713070670486D-07
   1   2   1   1 -0.34036729811844D+01 -0.34036729757083D+01
   2   2   1   1 -0.29290484092577D+01 -0.63573575324184D+00
   3   2   1   1 -0.27679372229514D+01 -0.47462459019513D+00
   1   1   2   1  0.40914689892623D+01 -0.21871592910306D-07
   2   1   2   1  0.73578099193093D+01 -0.38395180405316D-15
   3   1   2   1  0.32663731860212D+01 -0.28690991261108D-07
   1   2   2   1 -0.29290484134013D+01 -0.63573575983338D+00
   2   2   2   1 -0.34036729823780D+01 -0.34036730134993D+01
   3   2   2   1 -0.27679372171456D+01 -0.47462458906978D+00
   1   1   3   1  0.32663952207551D+01  0.36511925695427D-06
   2   1   3   1  0.32663732845055D+01  0.36279231905500D-06
   3   1   3   1  0.65327354057003D+01 -0.67338282170363D-16
   1   2   3   1 -0.27679370124035D+01 -0.47462440805664D+00
   2   2   3   1 -0.27679370261208D+01 -0.47462439616889D+00
   3   2   3   1 -0.55358742137497D+01 -0.94924957973451D+00
   1   1   1   2 -0.34036729816837D+01  0.34036729754141D+01
   2   1   1   2 -0.29290484145595D+01  0.63573574717978D+00
   3   1   1   2 -0.27679372061258D+01  0.47462460484236D+00
   1   2   1   2  0.73578752558470D+01 -0.82477038370664D-15
   2   2   1   2  0.40914790482613D+01  0.12408451528301D-07
   3   2   1   2  0.32663964319472D+01  0.22025819835715D-07
   1   1   2   2 -0.29290484100595D+01  0.63573576349700D+00
   2   1   2   2 -0.34036729837683D+01  0.34036730113534D+01
   3   1   2   2 -0.27679372145497D+01  0.47462459040482D+00
   1   2   2   2  0.40914790368937D+01  0.13887695276021D-07
   2   2   2   2  0.73578752411060D+01 -0.38395180405316D-15
   3   2   2   2  0.32663963136237D+01  0.26849275201786D-07
   1   1   3   2 -0.27679370298312D+01  0.47462439288402D+00
   2   1   3   2 -0.27679370282635D+01  0.47462439278692D+00
   3   1   3   2 -0.55358742138329D+01  0.94924958014248D+00
   1   2   3   2  0.32663965506308D+01 -0.37470308731808D-06
   2   2   3   2  0.32663964189404D+01 -0.37177878685343D-06
   3   2   3   2  0.65327922182627D+01 -0.67338282170350D-16
  
 2nd derivatives (non-stat.)  - # elements :      36
 qpt  5.00000000E-01  2.50000000E-01  0.00000000E+00   1.0
   1   1   1   1  0.74364440759520D+01  0.85036673906293D-16
   2   1   1   1  0.38929176552995D+01 -0.20899749859561D+00
   3   1   1   1  0.32188358176928D+01  0.19642003954518D-07
   1   2   1   1 -0.73042902119504D+00 -0.49495991906209D+00
   2   2   1   1 -0.28830257140440D+01 -0.23126579417826D+00
   3   2   1   1 -0.26365144452197D+01 -0.25405845698082D+00
   1   1   2   1  0.38929164511384D+01  0.20899644325442D+00
   2   1   2   1  0.71015732780900D+01 -0.18312342258765D-15
   3   1   2   1  0.32188138577041D+01  0.73370598384376D-08
   1   2   2   1 -0.28830263534835D+01 -0.23126628200988D+00
   2   2   2   1 -0.30533232618672D+01 -0.26917602077443D+01
   3   2   2   1 -0.26365144126203D+01 -0.25405848202868D+00
   1   1   3   1  0.32188358496282D+01  0.53134159394153D-06
   2   1   3   1  0.32188139004654D+01 -0.75586483531618D-07
   3   1   3   1  0.64376177245544D+01  0.22732803301784D-16
   1   2   3   1 -0.26365141672581D+01 -0.25405821002767D+00
   2   2   3   1 -0.26365143996470D+01 -0.25405883337043D+00
   3   2   3   1 -0.52730295132204D+01 -0.50811706785252D+00
   1   1   1   2 -0.73042902084742D+00  0.49495992302574D+00
   2   1   1   2 -0.28830257561219D+01  0.23126576258690D+00
   3   1   1   2 -0.26365144233699D+01  0.25405845419943D+00
   1   2   1   2  0.74364526842768D+01  0.85036673906293D-16
   2   2   1   2  0.38929277983403D+01  0.20899761365305D+00
   3   2   1   2  0.32188371655621D+01 -0.18676011747043D-07
   1   1   2   2 -0.28830263019035D+01  0.23126630414642D+00
   2   1   2   2 -0.30533232598732D+01  0.26917602081880D+01
   3   1   2   2 -0.26365144148611D+01  0.25405847972749D+00
   1   2   2   2  0.38929266056530D+01 -0.20899656367555D+00
   2   2   2   2  0.71016387541134D+01 -0.18312342258765D-15
   3   2   2   2  0.32188370243373D+01 -0.56093926580948D-08
   1   1   3   2 -0.26365141814440D+01  0.25405819452012D+00
   2   1   3   2 -0.26365143778222D+01  0.25405883210621D+00
   3   1   3   2 -0.52730295004910D+01  0.50811707679266D+00
   1   2   3   2  0.32188371751500D+01 -0.53850261217588D-06
   2   2   3   2  0.32188370556888D+01  0.77033514805238D-07
   3   2   3   2  0.64376745716568D+01  0.22732803301783D-16
  
 2nd derivatives (non-stat.)  - # elements :      36
 qpt -2.50000000E-01  2.50000000E-01  0.00000000E+00   1.0
   1   1   1   1  0.70869565761976D+01  0.85347335709448D-15
   2   1   1   1  0.35232219205876D+01 -0.18751322491619D+00
   3   1   1   1  0.33008818201117D+01  0.13050229795542D-07
   1   2   1   1 -0.34705221660508D+01  0.22857626890128D+01
   2   2   1   1 -0.30095102386836D+01 -0.75347204896159D-06
   3   2   1   1 -0.27653535901583D+01 -0.13018372489415D-07
   1   1   2   1  0.35232219209795D+01  0.18751320986113D+00
   2   1   2   1  0.70868997748342D+01  0.45805507805583D-15
   3   1   2   1  0.33008598845830D+01 -0.11841201707924D-07
   1   2   2   1 -0.30095102290025D+01  0.77856053797015D-06
   2   2   2   1 -0.34705221787357D+01 -0.22857626579355D+01
   3   2   2   1 -0.27653535802113D+01  0.27621541173846D-07
   1   1   3   1  0.33008821911457D+01  0.68155357427833D-07
   2   1   3   1  0.33008601490721D+01  0.10501404140009D-06
   3   1   3   1  0.66017096285285D+01  0.44034356629439D-16
   1   2   3   1 -0.27653538010408D+01  0.16755889053639D-06
   2   2   3   1 -0.27653536622878D+01  0.46918920185051D-07
   3   2   3   1 -0.55307075383088D+01  0.33221211604706D-07
   1   1   1   2 -0.34705221659410D+01 -0.22857626886542D+01
   2   1   1   2 -0.30095102471247D+01  0.66442483116763D-06
   3   1   1   2 -0.27653535770733D+01 -0.23577296026050D-08
   1   2   1   2  0.70869652674616D+01  0.85347335709448D-15
   2   2   1   2  0.35232321660659D+01  0.18751336358645D+00
   3   2   1   2  0.33008831301545D+01 -0.13326652438956D-07
   1   1   2   2 -0.30095102197004D+01 -0.68925750669469D-06
   2   1   2   2 -0.34705221787523D+01  0.22857626580369D+01
   3   1   2   2 -0.27653535839639D+01 -0.30052697537993D-07
   1   2   2   2  0.35232321662997D+01 -0.18751334878817D+00
   2   2   2   2  0.70869652522756D+01  0.45805507805583D-15
   3   2   2   2  0.33008830081652D+01  0.13096257285403D-07
   1   1   3   2 -0.27653538111866D+01 -0.15606662614197D-06
   2   1   3   2 -0.27653536552621D+01 -0.40619254779495D-07
   3   1   3   2 -0.55307075371343D+01 -0.33151915741649D-07
   1   2   3   2  0.33008835039666D+01 -0.68396259225625D-07
   2   2   3   2  0.33008832757137D+01 -0.10660984506387D-06
   3   2   3   2  0.66017664106582D+01  0.44034356629425D-16
  
 2nd derivatives (non-stat.)  - # elements :      36
 qpt  0.00000000E+00  5.00000000E-01  0.00000000E+00   1.0
   1   1   1   1  0.68274677842716D+01  0.00000000000000D+00
   2   1   1   1  0.34137281031056D+01 -0.95268266934474D-11
   3   1   1   1  0.34137371284278D+01  0.76097265471014D-15
   1   2   1   1 -0.61271312165054D+01  0.98244325902098D-12
   2   2   1   1 -0.30635655192600D+01  0.24227097251699D-10
   3   2   1   1 -0.30635656068324D+01 -0.26935701152369D-11
   1   1   2   1  0.34137280939001D+01  0.95185247912320D-11
   2   1   2   1  0.78991755576705D+01  0.00000000000000D+00
   3   1   2   1  0.34137154126734D+01  0.95187075829097D-11
   1   2   2   1 -0.30635646608050D+01 -0.52167632607678D-12
   2   2   2   1 -0.16114479312167D+01  0.45865689134566D-10
   3   2   2   1 -0.30635647539638D+01 -0.52071353893295D-12
   1   1   3   1  0.34137371601662D+01 -0.39991242280019D-15
   2   1   3   1  0.34137152452439D+01 -0.95238919380513D-11
   3   1   3   1  0.68274197512114D+01  0.00000000000000D+00
   1   2   3   1 -0.30635656340931D+01 -0.26931090918214D-11
   2   2   3   1 -0.30635656044255D+01  0.24236185506449D-10
   3   2   3   1 -0.61271312306763D+01  0.98393507496715D-12
   1   1   1   2 -0.61271312139076D+01 -0.98354803005722D-12
   2   1   1   2 -0.30635655207543D+01  0.52843825567376D-12
   3   1   1   2 -0.30635656016126D+01  0.26931873726716D-11
   1   2   1   2  0.68274764739152D+01  0.00000000000000D+00
   2   2   1   2  0.34137383672898D+01  0.77596899942340D-11
   3   2   1   2  0.34137384127313D+01 -0.52086719736175D-15
   1   1   2   2 -0.30635646494646D+01 -0.24239944467745D-10
   2   1   2   2 -0.16114479453150D+01 -0.45864868705234D-10
   3   1   2   2 -0.30635647660616D+01 -0.24240893131759D-10
   1   2   2   2  0.34137383548986D+01 -0.77520914902008D-11
   2   2   2   2  0.78992407635224D+01  0.00000000000000D+00
   3   2   2   2  0.34137385075347D+01 -0.77528461101699D-11
   1   1   3   2 -0.30635656470774D+01  0.26942287574353D-11
   2   1   3   2 -0.30635655839214D+01  0.52401182428368D-12
   3   1   3   2 -0.61271312468772D+01 -0.98345735015826D-12
   1   2   3   2  0.34137384584807D+01 -0.51642665286058D-16
   2   2   3   2  0.34137383717146D+01  0.77569835398281D-11
   3   2   3   2  0.68274765055883D+01  0.00000000000000D+00
  
 2nd derivatives (non-stat.)  - # elements :      36
 qpt  2.50000000E-01  5.00000000E-01  0.00000000E+00   1.0
   1   1   1   1  0.71016300896441D+01 -0.10094965263746D-14
   2   1   1   1  0.38929165218069D+01  0.20899648896295D+00
   3   1   1   1  0.32188357821161D+01  0.35193027782132D-08
   1   2   1   1 -0.30533232594117D+01 -0.26917602330483D+01
   2   2   1   1 -0.28830262784964D+01 -0.23126624886976D+00
   3   2   1   1 -0.26365144267748D+01 -0.25405848496151D+00
   1   1   2   1  0.38929176904833D+01 -0.20899754350814D+00
   2   1   2   1  0.74363872501115D+01 -0.22554230009357D-15
   3   1   2   1  0.32188138516523D+01  0.25100220738416D-07
   1   2   2   1 -0.28830257216108D+01 -0.23126579449965D+00
   2   2   2   1 -0.73042903778698D+00 -0.49496002667506D+00
   3   2   2   1 -0.26365144140182D+01 -0.25405847495189D+00
   1   1   3   1  0.32188361682311D+01  0.17941677413275D-06
   2   1   3   1  0.32188144299228D+01  0.10126720112649D-05
   3   1   3   1  0.64376179007513D+01 -0.10760196664384D-15
   1   2   3   1 -0.26365146662383D+01 -0.25405837375239D+00
   2   2   3   1 -0.26365147873762D+01 -0.25405751219349D+00
   3   2   3   1 -0.52730296986319D+01 -0.50811703010003D+00
   1   1   1   2 -0.30533232584009D+01  0.26917602327045D+01
   2   1   1   2 -0.28830262495368D+01  0.23126627482888D+00
   3   1   1   2 -0.26365144091374D+01  0.25405849752574D+00
   1   2   1   2  0.71016387689586D+01 -0.10094965263746D-14
   2   2   1   2  0.38929266665298D+01 -0.20899659254441D+00
   3   2   1   2  0.32188371419981D+01 -0.26450551343125D-08
   1   1   2   2 -0.28830257514299D+01  0.23126576730970D+00
   2   1   2   2 -0.73042904231065D+00  0.49496002876598D+00
   3   1   2   2 -0.26365144156050D+01  0.25405847521316D+00
   1   2   2   2  0.38929278419445D+01  0.20899765229972D+00
   2   2   2   2  0.74364526567999D+01 -0.22554230009357D-15
   3   2   2   2  0.32188370197974D+01 -0.29648090573302D-07
   1   1   3   2 -0.26365146361888D+01  0.25405835525553D+00
   2   1   3   2 -0.26365146121498D+01  0.25405744990860D+00
   3   1   3   2 -0.52730296926192D+01  0.50811703257635D+00
   1   2   3   2  0.32188375903702D+01 -0.20905874834029D-06
   2   2   3   2  0.32188378024502D+01 -0.99395923841477D-06
   3   2   3   2  0.64376747696832D+01 -0.10760196664385D-15
  
 2nd derivatives (non-stat.)  - # elements :      36
 qpt  5.00000000E-01  5.00000000E-01  0.00000000E+00   1.0
   1   1   1   1  0.77098830037773D+01  0.00000000000000D+00
   2   1   1   1  0.45619867876121D+01 -0.20589331479218D-14
   3   1   1   1  0.31478935398538D+01  0.73370707306171D-11
   1   2   1   1 -0.49612031169944D-06  0.43518537987966D-10
   2   2   1   1 -0.25367815633231D+01  0.13799686499545D-10
   3   2   1   1 -0.25367811935932D+01 -0.53495231217652D-12
   1   1   2   1  0.45619864693244D+01  0.16174449008981D-14
   2   1   2   1  0.77098261851896D+01  0.00000000000000D+00
   3   1   2   1  0.31478714226601D+01  0.73371024519162D-11
   1   2   2   1 -0.25367813589926D+01  0.13800071232288D-10
   2   2   2   1  0.14091836582621D-06  0.43516574486008D-10
   3   2   2   1 -0.25367810280399D+01 -0.53635335922317D-12
   1   1   3   1  0.31478907389596D+01 -0.73450674468278D-11
   2   1   3   1  0.31478693503025D+01 -0.73419364284942D-11
   3   1   3   1  0.62957277930790D+01  0.00000000000000D+00
   1   2   3   1 -0.25367763260676D+01  0.26755179756092D-10
   2   2   3   1 -0.25367758233501D+01  0.26757772184324D-10
   3   2   3   1 -0.50735569682723D+01  0.38023005203599D-11
   1   1   1   2 -0.51266020996229D-06 -0.43519057061811D-10
   2   1   1   2 -0.25367815902350D+01 -0.13802846534950D-10
   3   1   1   2 -0.25367811742355D+01 -0.26776158266206D-10
   1   2   1   2  0.77098915046154D+01  0.00000000000000D+00
   2   2   1   2  0.45619967551569D+01  0.24358910809657D-14
   3   2   1   2  0.31478949322616D+01 -0.61639986573378D-11
   1   1   2   2 -0.25367813735817D+01 -0.13798865860032D-10
   2   1   2   2  0.11935663325069D-06 -0.43516705250246D-10
   3   1   2   2 -0.25367810242780D+01 -0.26775463339200D-10
   1   2   2   2  0.45619964140545D+01 -0.67662737223781D-15
   2   2   2   2  0.77098914697517D+01  0.00000000000000D+00
   3   2   2   2  0.31478946238860D+01 -0.61635347272073D-11
   1   1   3   2 -0.25367764761383D+01  0.54822654455771D-12
   2   1   3   2 -0.25367759553155D+01  0.55007135672761D-12
   3   1   3   2 -0.50735569556333D+01 -0.38032730493311D-11
   1   2   3   2  0.31478923304597D+01  0.61584505201330D-11
   2   2   3   2  0.31478927358115D+01  0.61603051407121D-11
   3   2   3   2  0.62957847289578D+01  0.00000000000000D+00
  
 2nd derivatives (non-stat.)  - # elements :      36
 qpt  0.00000000E+00  0.00000000E+00  2.50000000E-01   1.0
   1   1   1   1  0.69175257884752D+01 -0.44709700961945D-15
   2   1   1   1  0.34587570230732D+01  0.39665131995325D-07
   3   1   1   1  0.34587671580621D+01  0.16662517502187D-06
   1   2   1   1 -0.63869941704318D+01 -0.50765780771118D+00
   2   2   1   1 -0.31934971024674D+01 -0.25382890096085D+00
   3   2   1   1 -0.31934957531578D+01 -0.25382878145550D+00
   1   1   2   1  0.34587554025006D+01  0.19734820528006D-06
   2   1   2   1  0.69174657917135D+01  0.73177243642509D-16
   3   1   2   1  0.34587426465921D+01 -0.14029746866953D-05
   1   2   2   1 -0.31934964337786D+01 -0.25382986247219D+00
   2   2   2   1 -0.63869928448421D+01 -0.50765963490396D+00
   3   2   2   1 -0.31934975605459D+01 -0.25383140667600D+00
   1   1   3   1  0.34587661294537D+01  0.18187898664291D-06
   2   1   3   1  0.34587441959508D+01  0.18168006459950D-06
   3   1   3   1  0.75306100616492D+01 -0.29848478123419D-15
   1   2   3   1 -0.31934972960777D+01 -0.25382894280038D+00
   2   2   3   1 -0.31934972800232D+01 -0.25382895402967D+00
   3   2   3   1 -0.43393094286331D+01 -0.26219035564926D+01
   1   1   1   2 -0.63869941677763D+01  0.50765781007424D+00
   2   1   1   2 -0.31934971001875D+01  0.25382890247566D+00
   3   1   1   2 -0.31934957745166D+01  0.25382877360177D+00
   1   2   1   2  0.69175344198576D+01 -0.44709700961945D-15
   2   2   1   2  0.34587672626232D+01 -0.40143181843711D-07
   3   2   1   2  0.34587683929344D+01 -0.16541295868999D-06
   1   1   2   2 -0.31934964365477D+01  0.25382986231030D+00
   2   1   2   2 -0.63869928481686D+01  0.50765963000944D+00
   3   1   2   2 -0.31934976479313D+01  0.25383133091416D+00
   1   2   2   2  0.34587656470661D+01 -0.19648676031146D-06
   2   2   2   2  0.69175312369993D+01  0.73177243642509D-16
   3   2   2   2  0.34587656350389D+01  0.13655165841413D-05
   1   1   3   2 -0.31934972729881D+01  0.25382895926666D+00
   2   1   3   2 -0.31934972750268D+01  0.25382895634226D+00
   3   1   3   2 -0.43393094223565D+01  0.26219035614694D+01
   1   2   3   2  0.34587673713785D+01 -0.17698488763895D-06
   2   2   3   2  0.34587672516008D+01 -0.17761958076291D-06
   3   2   3   2  0.75306665642813D+01 -0.29848478123419D-15
  
 2nd derivatives (non-stat.)  - # elements :      36
 qpt  2.50000000E-01  0.00000000E+00  2.50000000E-01   1.0
   1   1   1   1  0.73578667023828D+01 -0.11602582914010D-14
   2   1   1   1  0.32663859810828D+01 -0.30203888068028D-07
   3   1   1   1  0.40914781054924D+01 -0.21646313184577D-07
   1   2   1   1 -0.34036730080261D+01 -0.34036729810006D+01
   2   2   1   1 -0.27679372358495D+01 -0.47462457663223D+00
   3   2   1   1 -0.29290484123239D+01 -0.63573577452558D+00
   1   1   2   1  0.32663860996420D+01  0.52252541971734D-06
   2   1   2   1  0.65327266364868D+01 -0.34875896316418D-15
   3   1   2   1  0.32663732929850D+01  0.51339845994218D-06
   1   2   2   1 -0.27679371426164D+01 -0.47462429879242D+00
   2   2   2   1 -0.55358742604936D+01 -0.94924952139298D+00
   3   2   2   1 -0.27679371499256D+01 -0.47462429177316D+00
   1   1   3   1  0.40914780995262D+01 -0.38692252876135D-07
   2   1   3   1  0.32663731764638D+01 -0.26206404053439D-07
   3   1   3   1  0.73578186752313D+01 -0.21211416958899D-15
   1   2   3   1 -0.29290484007224D+01 -0.63573577608261D+00
   2   2   3   1 -0.27679372355250D+01 -0.47462457786255D+00
   3   2   3   1 -0.34036729781756D+01 -0.34036730297189D+01
   1   1   1   2 -0.34036730071024D+01  0.34036729822424D+01
   2   1   1   2 -0.27679372246974D+01  0.47462458667430D+00
   3   1   1   2 -0.29290484182819D+01  0.63573576684943D+00
   1   2   1   2  0.73578752420418D+01 -0.11602582914010D-14
   2   2   1   2  0.32663962986954D+01  0.24845097375211D-07
   3   2   1   2  0.40914791653873D+01  0.21449192608364D-07
   1   1   2   2 -0.27679371371375D+01  0.47462430003109D+00
   2   1   2   2 -0.55358742577873D+01  0.94924952175653D+00
   3   1   2   2 -0.27679371361850D+01  0.47462429698435D+00
   1   2   2   2  0.32663964231177D+01 -0.51124610984636D-06
   2   2   2   2  0.65327922263717D+01 -0.34875896316418D-15
   3   2   2   2  0.32663964341438D+01 -0.51153205476848D-06
   1   1   3   2 -0.29290483960383D+01  0.63573578248720D+00
   2   1   3   2 -0.27679372314039D+01  0.47462458200942D+00
   3   1   3   2 -0.34036729803009D+01  0.34036730274046D+01
   1   2   3   2  0.40914791590370D+01  0.37923140746461D-07
   2   2   3   2  0.32663963119718D+01  0.28903438220989D-07
   3   2   3   2  0.73578752383471D+01 -0.21211416958900D-15
  
 2nd derivatives (non-stat.)  - # elements :      36
 qpt  5.00000000E-01  0.00000000E+00  2.50000000E-01   1.0
   1   1   1   1  0.74364440424554D+01  0.47924387549711D-15
   2   1   1   1  0.32188266643505D+01  0.23039130634581D-07
   3   1   1   1  0.38929267982698D+01 -0.20899751988206D+00
   1   2   1   1 -0.73042906048544D+00 -0.49495994608155D+00
   2   2   1   1 -0.26365144430228D+01 -0.25405845153716D+00
   3   2   1   1 -0.28830257148366D+01 -0.23126577703963D+00
   1   1   2   1  0.32188266003584D+01 -0.22557796514998D-06
   2   1   2   1  0.64376089234672D+01 -0.16860303209245D-15
   3   1   2   1  0.32188138303693D+01 -0.29323805112801D-06
   1   2   2   1 -0.26365143710436D+01 -0.25405883902316D+00
   2   2   2   1 -0.52730295191727D+01 -0.50811706002702D+00
   3   2   2   1 -0.26365147080505D+01 -0.25405877290553D+00
   1   1   3   1  0.38929255738750D+01  0.20899642791274D+00
   2   1   3   1  0.32188138577460D+01  0.10336810491082D-08
   3   1   3   1  0.71015820454015D+01  0.24860536317243D-15
   1   2   3   1 -0.28830263631691D+01 -0.23126627127201D+00
   2   2   3   1 -0.26365144341361D+01 -0.25405846038438D+00
   3   2   3   1 -0.30533232870553D+01 -0.26917601885756D+01
   1   1   1   2 -0.73042905987152D+00  0.49495994670472D+00
   2   1   1   2 -0.26365144313399D+01  0.25405845003516D+00
   3   1   1   2 -0.28830257518078D+01  0.23126573381832D+00
   1   2   1   2  0.74364526523112D+01  0.47924387549711D-15
   2   2   1   2  0.32188370164963D+01 -0.26352690314086D-07
   3   2   1   2  0.38929279338427D+01  0.20899763103087D+00
   1   1   2   2 -0.26365143586011D+01  0.25405882294168D+00
   2   1   2   2 -0.52730295078245D+01  0.50811706634638D+00
   3   1   2   2 -0.26365146935207D+01  0.25405876802811D+00
   1   2   2   2  0.32188369509133D+01  0.23269552976204D-06
   2   2   2   2  0.64376745586930D+01 -0.16860303209245D-15
   3   2   2   2  0.32188369929974D+01  0.30433165649952D-06
   1   1   3   2 -0.28830263230599D+01  0.23126631179462D+00
   2   1   3   2 -0.26365144326585D+01  0.25405846310812D+00
   3   1   3   2 -0.30533232867735D+01  0.26917601887149D+01
   1   2   3   2  0.38929267152082D+01 -0.20899654216953D+00
   2   2   3   2  0.32188370270929D+01  0.21957607695180D-09
   3   2   3   2  0.71016387422230D+01  0.24860536317243D-15
  
 2nd derivatives (non-stat.)  - # elements :      36
 qpt -2.50000000E-01  0.00000000E+00  2.50000000E-01   1.0
   1   1   1   1  0.70869565792769D+01  0.12176977761486D-14
   2   1   1   1  0.33008726908078D+01  0.15129557502610D-07
   3   1   1   1  0.35232310544588D+01 -0.18751324163565D+00
   1   2   1   1 -0.34705221868815D+01  0.22857627169148D+01
   2   2   1   1 -0.27653536081986D+01 -0.44758652429139D-08
   3   2   1   1 -0.30095102530258D+01 -0.76429531910818D-06
   1   1   2   1  0.33008701200646D+01 -0.55673358116948D-06
   2   1   2   1  0.66016970465724D+01  0.41512581377269D-15
   3   1   2   1  0.33008589398343D+01 -0.12901805947726D-05
   1   2   2   1 -0.27653517137387D+01 -0.91072459901835D-06
   2   2   2   1 -0.55307043350395D+01  0.45399535290406D-07
   3   2   2   1 -0.27653529520452D+01 -0.12819113424638D-05
   1   1   3   1  0.35232310533017D+01  0.18751321115222D+00
   2   1   3   1  0.33008598794237D+01 -0.16149214066466D-07
   3   1   3   1  0.70869085415537D+01  0.26848984891174D-15
   1   2   3   1 -0.30095102319937D+01  0.81283777588013D-06
   2   2   3   1 -0.27653535988856D+01  0.47637384828237D-07
   3   2   3   1 -0.34705221898030D+01 -0.22857626426278D+01
   1   1   1   2 -0.34705221867975D+01 -0.22857627166831D+01
   2   1   1   2 -0.27653536006839D+01 -0.36967997410034D-08
   3   1   1   2 -0.30095102657670D+01  0.66036467048694D-06
   1   2   1   2  0.70869652716184D+01  0.12176977761486D-14
   2   2   1   2  0.33008830028821D+01 -0.14784191196611D-07
   3   2   1   2  0.35232323019351D+01  0.18751337256851D+00
   1   1   2   2 -0.27653517303920D+01  0.91847085845545D-06
   2   1   2   2 -0.55307043363537D+01 -0.43880558296686D-07
   3   1   2   2 -0.27653529519698D+01  0.12748832906867D-05
   1   2   2   2  0.33008804255833D+01  0.54537631579532D-06
   2   2   2   2  0.66017626103212D+01  0.41512581377269D-15
   3   2   2   2  0.33008820625086D+01  0.12880652296872D-05
   1   1   3   2 -0.30095102190352D+01 -0.70903985375534D-06
   2   1   3   2 -0.27653535966626D+01 -0.42064952436890D-07
   3   1   3   2 -0.34705221901301D+01  0.22857626428488D+01
   1   2   3   2  0.35232323006962D+01 -0.18751334293631D+00
   2   2   3   2  0.33008830044198D+01  0.18107721946717D-07
   3   2   3   2  0.70869652455048D+01  0.26848984891176D-15
  
 2nd derivatives (non-stat.)  - # elements :      36
 qpt  0.00000000E+00  2.50000000E-01  2.50000000E-01   1.0
   1   1   1   1  0.65327833037575D+01 -0.54344452301562D-15
   2   1   1   1  0.32663860894688D+01  0.38510262257836D-06
   3   1   1   1  0.32663952176500D+01  0.37721489035756D-06
   1   2   1   1 -0.55358741816203D+01 -0.94924960734568D+00
   2   2   1   1 -0.27679369297939D+01 -0.47462443828740D+00
   3   2   1   1 -0.27679369271944D+01 -0.47462444485933D+00
   1   1   2   1  0.32663859736167D+01 -0.25009121222328D-07
   2   1   2   1  0.73578099019589D+01  0.46358374042099D-15
   3   1   2   1  0.40914561504703D+01 -0.20577509109451D-07
   1   2   2   1 -0.27679372595885D+01 -0.47462457052000D+00
   2   2   2   1 -0.34036730327222D+01 -0.34036729876273D+01
   3   2   2   1 -0.29290484354461D+01 -0.63573577089575D+00
   1   1   3   1  0.32663950930563D+01 -0.15385062521562D-07
   2   1   3   1  0.40914561510230D+01 -0.23459582376032D-07
   3   1   3   1  0.73578186761710D+01 -0.18391899912853D-15
   1   2   3   1 -0.27679372640934D+01 -0.47462457130661D+00
   2   2   3   1 -0.29290484346642D+01 -0.63573576262355D+00
   3   2   3   1 -0.34036730163697D+01 -0.34036729922569D+01
   1   1   1   2 -0.55358741818481D+01  0.94924960759616D+00
   2   1   1   2 -0.27679369471391D+01  0.47462442489748D+00
   3   1   1   2 -0.27679369488253D+01  0.47462442381864D+00
   1   2   1   2  0.65327921045094D+01 -0.54344452301562D-15
   2   2   1   2  0.32663964029782D+01 -0.37721832089930D-06
   3   2   1   2  0.32663965443733D+01 -0.37984173300965D-06
   1   1   2   2 -0.27679372432583D+01  0.47462458556993D+00
   2   1   2   2 -0.34036730332162D+01  0.34036729884375D+01
   3   1   2   2 -0.29290484381829D+01  0.63573576973325D+00
   1   2   2   2  0.32663962891283D+01  0.15999984218632D-07
   2   2   2   2  0.73578752310856D+01  0.46358374042099D-15
   3   2   2   2  0.40914790250291D+01  0.13891675262704D-07
   1   1   3   2 -0.27679372414413D+01  0.47462459472415D+00
   2   1   3   2 -0.29290484325581D+01  0.63573576334196D+00
   3   1   3   2 -0.34036730172072D+01  0.34036729916829D+01
   1   2   3   2  0.32663964212962D+01  0.17211435622442D-07
   2   2   3   2  0.40914790256975D+01  0.29744660547688D-07
   3   2   3   2  0.73578752383466D+01 -0.18391899912853D-15
  
 2nd derivatives (non-stat.)  - # elements :      36
 qpt  2.50000000E-01  2.50000000E-01  2.50000000E-01   1.0
   1   1   1   1  0.75306580381955D+01 -0.14324354055102D-14
   2   1   1   1  0.40718892626803D+01 -0.16580988868830D-05
   3   1   1   1  0.40718983860449D+01 -0.16599549681795D-05
   1   2   1   1 -0.26219036985638D+01 -0.43393094450060D+01
   2   2   1   1 -0.23680747539873D+01 -0.11458121757521D+01
   3   2   1   1 -0.23680747487101D+01 -0.11458121908999D+01
   1   1   2   1  0.40718892665522D+01 -0.17090740215269D-05
   2   1   2   1  0.75306012490656D+01  0.29989743425112D-16
   3   1   2   1  0.40718764674034D+01 -0.17111380797104D-05
   1   2   2   1 -0.23680746832302D+01 -0.11458121825538D+01
   2   2   2   1 -0.26219036315287D+01 -0.43393094750877D+01
   3   2   2   1 -0.23680746715875D+01 -0.11458122079349D+01
   1   1   3   1  0.40718983819705D+01 -0.16595279749803D-05
   2   1   3   1  0.40718764592227D+01 -0.16627733363924D-05
   3   1   3   1  0.75306100190783D+01 -0.15202287384229D-15
   1   2   3   1 -0.23680747443904D+01 -0.11458121743295D+01
   2   2   3   1 -0.23680747388786D+01 -0.11458121854143D+01
   3   2   3   1 -0.26219036770445D+01 -0.43393094834292D+01
   1   1   1   2 -0.26219036910796D+01  0.43393094498408D+01
   2   1   1   2 -0.23680747459374D+01  0.11458121786478D+01
   3   1   1   2 -0.23680747443083D+01  0.11458121863217D+01
   1   2   1   2  0.75306665042155D+01 -0.14324354055102D-14
   2   2   1   2  0.40718993077678D+01  0.16664133057834D-05
   3   2   1   2  0.40718994494597D+01  0.16645682946971D-05
   1   1   2   2 -0.23680746862786D+01  0.11458121854950D+01
   2   1   2   2 -0.26219036337941D+01  0.43393094769385D+01
   3   1   2   2 -0.23680746782770D+01  0.11458122041851D+01
   1   2   2   2  0.40718993115181D+01  0.17058281200736D-05
   2   2   2   2  0.75306664945048D+01  0.29989743425112D-16
   3   2   2   2  0.40718993283675D+01  0.17060724456910D-05
   1   1   3   2 -0.23680747409678D+01  0.11458121849859D+01
   2   1   3   2 -0.23680747365602D+01  0.11458121928542D+01
   3   1   3   2 -0.26219036778465D+01  0.43393094859575D+01
   1   2   3   2  0.40718994449244D+01  0.16616821788311D-05
   2   2   3   2  0.40718993204225D+01  0.16669127001994D-05
   3   2   3   2  0.75306665049629D+01 -0.15202287384228D-15
  
 2nd derivatives (non-stat.)  - # elements :      36
 qpt  5.00000000E-01  2.50000000E-01  2.50000000E-01   1.0
   1   1   1   1  0.71274612522384D+01  0.56457213498237D-15
   2   1   1   1  0.35637247580141D+01 -0.18751235477812D+00
   3   1   1   1  0.35637338877607D+01 -0.18751235473661D+00
   1   2   1   1  0.15799851038533D-06 -0.92201757089702D+00
   2   2   1   1 -0.22857611101231D+01 -0.46100875446212D+00
   3   2   1   1 -0.22857611071240D+01 -0.46100876066802D+00
   1   1   2   1  0.35637228787488D+01  0.18751438162245D+00
   2   1   2   1  0.70868997772678D+01 -0.48056554824279D-15
   3   1   2   1  0.37860593144728D+01  0.11208613004529D-05
   1   2   2   1 -0.22857634903765D+01 -0.46101193111628D+00
   2   2   2   1 -0.22857626730398D+01 -0.34705221784027D+01
   3   2   2   1 -0.22857627040103D+01 -0.70516859248603D+00
   1   1   3   1  0.35637320004156D+01  0.18751436507155D+00
   2   1   3   1  0.37860593150686D+01  0.11085019495655D-05
   3   1   3   1  0.70869085558647D+01  0.46760024966742D-16
   1   2   3   1 -0.22857634803021D+01 -0.46101193149764D+00
   2   2   3   1 -0.22857627122042D+01 -0.70516858837972D+00
   3   2   3   1 -0.22857626625620D+01 -0.34705221899674D+01
   1   1   1   2  0.13738601182316D-06  0.92201756340332D+00
   2   1   1   2 -0.22857611968765D+01  0.46100873321287D+00
   3   1   1   2 -0.22857611952899D+01  0.46100872846594D+00
   1   2   1   2  0.71274699968046D+01  0.56457213498237D-15
   2   2   1   2  0.35637350437027D+01  0.18751247619846D+00
   3   2   1   2  0.35637351762629D+01  0.18751247719694D+00
   1   1   2   2 -0.22857634198050D+01  0.46101195339210D+00
   2   1   2   2 -0.22857626731423D+01  0.34705221781482D+01
   3   1   2   2 -0.22857627117010D+01  0.70516858735879D+00
   1   2   2   2  0.35637331605437D+01 -0.18751451376164D+00
   2   2   2   2  0.70869652609263D+01 -0.48056554824279D-15
   3   2   2   2  0.37860823576253D+01 -0.11193542265293D-05
   1   1   3   2 -0.22857634095584D+01  0.46101196610153D+00
   2   1   3   2 -0.22857627042439D+01  0.70516859309388D+00
   3   1   3   2 -0.22857626623083D+01  0.34705221898077D+01
   1   2   3   2  0.35637332837270D+01 -0.18751449750178D+00
   2   2   3   2  0.37860823578810D+01 -0.11094187418628D-05
   3   2   3   2  0.70869652623728D+01  0.46760024966741D-16

 List of bloks and their characteristics 
  
 Total energy                 - # elements :       1
  
 1st derivatives              - # elements :      12
  
 2nd derivatives (non-stat.)  - # elements :     171
 qpt  0.00000000E+00  0.00000000E+00  0.00000000E+00   1.0
  
 2nd derivatives (non-stat.)  - # elements :      36
 qpt  2.50000000E-01  0.00000000E+00  0.00000000E+00   1.0
  
 2nd derivatives (non-stat.)  - # elements :      36
 qpt  5.00000000E-01  0.00000000E+00  0.00000000E+00   1.0
  
 2nd derivatives (non-stat.)  - # elements :      36
 qpt  0.00000000E+00  2.50000000E-01  0.00000000E+00   1.0
  
 2nd derivatives (non-stat.)  - # elements :      36
 qpt  2.50000000E-01  2.50000000E-01  0.00000000E+00   1.0
  
 2nd derivatives (non-stat.)  - # elements :      36
 qpt  5.00000000E-01  2.50000000E-01  0.00000000E+00   1.0
  
 2nd derivatives (non-stat.)  - # elements :      36
 qpt -2.50000000E-01  2.50000000E-01  0.00000000E+00   1.0
  
 2nd derivatives (non-stat.)  - # elements :      36
 qpt  0.00000000E+00  5.00000000E-01  0.00000000E+00   1.0
  
 2nd derivatives (non-stat.)  - # elements :      36
 qpt  2.50000000E-01  5.00000000E-01  0.00000000E+00   1.0
  
 2nd derivatives (non-stat.)  - # elements :      36
 qpt  5.00000000E-01  5.00000000E-01  0.00000000E+00   1.0
  
 2nd derivatives (non-stat.)  - # elements :      36
 qpt  0.00000000E+00  0.00000000E+00  2.50000000E-01   1.0
  
 2nd derivatives (non-stat.)  - # elements :      36
 qpt  2.50000000E-01  0.00000000E+00  2.50000000E-01   1.0
  
 2nd derivatives (non-stat.)  - # elements :      36
 qpt  5.00000000E-01  0.00000000E+00  2.50000000E-01   1.0
  
 2nd derivatives (non-stat.)  - # elements :      36
 qpt -2.50000000E-01  0.00000000E+00  2.50000000E-01   1.0
  
 2nd derivatives (non-stat.)  - # elements :      36
 qpt  0.00000000E+00  2.50000000E-01  2.50000000E-01   1.0
  
 2nd derivatives (non-stat.)  - # elements :      36
 qpt  2.50000000E-01  2.50000000E-01  2.50000000E-01   1.0
  
 2nd derivatives (non-stat.)  - # elements :      36
 qpt  5.00000000E-01  2.50000000E-01  2.50000000E-01   1.0
