 Fermi (or HOMO) energy (hartree) =   2.41270   Average Vxc (hartree)=  -0.94578
 Eigenvalues (hartree) for nkpt=   8  k points:
 kpt#   1, nband= 80, wtk=  0.12500, kpt=  0.1250  0.1250  0.1250 (reduced coord)
  -0.85485   -0.76508   -0.71330   -0.66133   -0.34244   -0.23676   -0.16703   -0.11155
  -0.10715   -0.06192   -0.04637   -0.02546    0.02955    0.03508    0.09543    0.10643
   0.14323    0.25395    0.35687    0.36517    0.39246    0.47591    0.55297    0.60335
   0.61981    0.63612    0.71146    0.72647    0.76788    0.78253    0.79676    0.85804
   0.88950    0.92659    0.95830    0.97591    1.01744    1.03586    1.05351    1.07934
   1.10285    1.12091    1.13898    1.26330    1.32904    1.34817    1.36114    1.41332
   1.50825    1.54809    1.57253    1.58007    1.62503    1.66515    1.69813    1.72074
   1.73604    1.79564    1.81084    1.82753    1.84075    1.89588    1.92705    1.93750
   1.95312    1.98694    2.00741    2.02146    2.05667    2.07806    2.10472    2.13803
   2.14780    2.16222    2.22444    2.26635    2.28946    2.31889    2.33559    2.36722
 kpt#   2, nband= 80, wtk=  0.12500, kpt=  0.3750  0.1250  0.1250 (reduced coord)
  -0.81473   -0.75455   -0.73435   -0.69050   -0.29475   -0.26176   -0.19845   -0.17302
  -0.12470   -0.08733   -0.07611   -0.01569   -0.00486    0.01303    0.07156    0.08204
   0.21465    0.31059    0.35768    0.45812    0.48526    0.54448    0.57559    0.65194
   0.66355    0.69673    0.71494    0.75135    0.76175    0.78847    0.80975    0.82588
   0.86326    0.89987    0.93661    0.96161    0.97962    0.99053    1.05378    1.07773
   1.15758    1.19985    1.20542    1.21670    1.23679    1.32448    1.33539    1.37286
   1.40787    1.47014    1.48088    1.55545    1.57712    1.60313    1.63410    1.69449
   1.73158    1.73944    1.75974    1.79722    1.82090    1.88959    1.91956    1.92417
   1.93923    1.95884    2.04312    2.07251    2.09461    2.12424    2.14335    2.20275
   2.21933    2.24512    2.26038    2.27218    2.28991    2.32273    2.33312    2.33868
 kpt#   3, nband= 80, wtk=  0.12500, kpt=  0.1250  0.3750  0.1250 (reduced coord)
  -0.81615   -0.75666   -0.73544   -0.69192   -0.29590   -0.26297   -0.18687   -0.16203
  -0.12002   -0.08759   -0.07148   -0.01280   -0.00317    0.02049    0.07056    0.07440
   0.21655    0.31715    0.34827    0.45658    0.47183    0.52866    0.57545    0.64009
   0.65073    0.68052    0.70807    0.76199    0.77877    0.80822    0.83117    0.83393
   0.88212    0.89370    0.92396    0.94939    0.97305    1.00780    1.02766    1.04754
   1.11017    1.15193    1.20046    1.24012    1.26739    1.29673    1.32343    1.33996
   1.40154    1.43369    1.46406    1.58400    1.62397    1.65834    1.69224    1.70208
   1.75108    1.76418    1.78288    1.80203    1.84510    1.87689    1.90162    1.94847
   1.95480    1.99644    2.00321    2.07473    2.09738    2.12287    2.14787    2.18393
   2.19536    2.23379    2.24893    2.28895    2.29486    2.31756    2.34150    2.39666
 kpt#   4, nband= 80, wtk=  0.12500, kpt=  0.3750  0.3750  0.1250 (reduced coord)
  -0.78859   -0.76145   -0.71623   -0.69719   -0.34019   -0.31732   -0.22487   -0.19045
  -0.17991   -0.16576    0.02540    0.03711    0.05416    0.06933    0.09846    0.11456
   0.12590    0.16250    0.47499    0.52317    0.60033    0.62733    0.64099    0.67204
   0.68283    0.70785    0.73697    0.75266    0.76193    0.79623    0.81219    0.84030
   0.87430    0.87972    0.90491    0.93703    0.95382    0.99350    1.03676    1.08843
   1.09880    1.10396    1.15031    1.17210    1.17889    1.21310    1.28991    1.34881
   1.38574    1.39649    1.49726    1.53873    1.57435    1.62511    1.68145    1.69244
   1.73390    1.74537    1.78528    1.80579    1.81598    1.84538    1.85019    1.88157
   1.92054    1.94594    1.96163    2.00023    2.08850    2.13320    2.14914    2.17010
   2.29970    2.31277    2.32208    2.34716    2.35332    2.36001    2.39594    2.41270
 kpt#   5, nband= 80, wtk=  0.12500, kpt=  0.1250  0.1250  0.3750 (reduced coord)
  -0.83370   -0.79769   -0.69983   -0.67852   -0.26275   -0.20860   -0.16073   -0.14569
  -0.13782   -0.10123   -0.05568   -0.01589   -0.00283    0.03694    0.04877    0.07533
   0.18644    0.24876    0.38455    0.44994    0.46254    0.48903    0.53831    0.60549
   0.62634    0.63004    0.68981    0.70320    0.72693    0.76900    0.81345    0.84336
   0.86841    0.88546    0.92815    0.96029    0.96302    1.02368    1.04385    1.06027
   1.16498    1.19390    1.25913    1.26944    1.28662    1.30592    1.38896    1.42429
   1.50852    1.52639    1.56616    1.59814    1.62080    1.66105    1.70896    1.74647
   1.75899    1.77569    1.79721    1.85899    1.86947    1.88899    1.89658    1.91525
   1.95048    1.98138    1.99502    2.02651    2.07358    2.10436    2.12301    2.16101
   2.17533    2.20894    2.23615    2.25240    2.27876    2.30196    2.31329    2.34995
 kpt#   6, nband= 80, wtk=  0.12500, kpt=  0.3750  0.1250  0.3750 (reduced coord)
  -0.79533   -0.76292   -0.73833   -0.71226   -0.23977   -0.22449   -0.19214   -0.17575
  -0.11618   -0.10838   -0.07521   -0.06123   -0.03619    0.00669    0.01326    0.04436
   0.30636    0.36974    0.38837    0.47228    0.48905    0.51823    0.55844    0.61509
   0.65671    0.66536    0.72434    0.73796    0.79326    0.80571    0.83161    0.85284
   0.86076    0.87273    0.88847    0.91788    0.97077    0.99106    1.01402    1.04215
   1.17481    1.18584    1.26239    1.27680    1.30094    1.34627    1.38086    1.40977
   1.42272    1.45047    1.49953    1.51098    1.54323    1.58693    1.62724    1.64856
   1.69436    1.73137    1.76458    1.81255    1.85515    1.88011    1.90223    1.90988
   1.97474    1.99071    2.00764    2.09592    2.10709    2.11366    2.14258    2.16928
   2.17742    2.21449    2.23138    2.25069    2.28478    2.30799    2.31705    2.34472
 kpt#   7, nband= 80, wtk=  0.12500, kpt=  0.1250  0.3750  0.3750 (reduced coord)
  -0.79668   -0.76408   -0.74039   -0.71400   -0.23549   -0.22701   -0.18428   -0.16618
  -0.11086   -0.10509   -0.07001   -0.05974   -0.03043    0.00198    0.01290    0.04167
   0.30378    0.36076    0.39300    0.46760    0.47566    0.54232    0.54922    0.61239
   0.64040    0.65580    0.70399    0.73240    0.78596    0.80052    0.82631    0.86086
   0.87548    0.88710    0.91235    0.93263    0.95037    0.99819    1.01237    1.05942
   1.14702    1.19415    1.22503    1.25510    1.30118    1.30902    1.33660    1.34418
   1.39765    1.42853    1.44427    1.45481    1.66029    1.67158    1.68914    1.73560
   1.74435    1.78028    1.78890    1.84027    1.86160    1.86633    1.89364    1.93156
   1.95509    1.99296    2.00596    2.05139    2.09439    2.12063    2.13260    2.17133
   2.18927    2.21583    2.24324    2.26192    2.27945    2.30617    2.36190    2.37550
 kpt#   8, nband= 80, wtk=  0.12500, kpt=  0.3750  0.3750  0.3750 (reduced coord)
  -0.77077   -0.74541   -0.74131   -0.71912   -0.30777   -0.28454   -0.25082   -0.23386
  -0.14801   -0.12115   -0.05043   -0.02830    0.04836    0.07416    0.08425    0.10658
   0.23307    0.27049    0.39094    0.42138    0.56994    0.61389    0.64279    0.66063
   0.68621    0.69606    0.75327    0.77372    0.80727    0.81156    0.81431    0.83570
   0.86788    0.89583    0.90941    0.95700    0.99152    1.02606    1.03781    1.04340
   1.10009    1.12994    1.15012    1.18775    1.24623    1.27433    1.32046    1.35271
   1.36374    1.39252    1.43263    1.46930    1.50901    1.59675    1.60517    1.66462
   1.68794    1.69823    1.77148    1.80067    1.81983    1.82422    1.86230    1.89987
   1.94238    1.99432    2.04040    2.10437    2.13429    2.15824    2.18948    2.20957
   2.26188    2.27250    2.28254    2.30566    2.32299    2.34810    2.38356    2.40988
