
 **** DERIVATIVE DATABASE ****    
+DDB, Version number    100401

 Si ddb on *4 mesh with ecut 16

    usepaw         0
     natom         2
      nkpt       256
    nsppol         1
      nsym         1
    ntypat         1
    occopt         1
     nband         4
     acell  0.73076524878000D+01  0.73076524882000D+01  0.73076524889000D+01
       amu  0.28085500000000D+02
   dilatmx  0.10000000000000D+01
      ecut  0.16000000000000D+02
    ecutsm  0.00000000000000D+00
     intxc         0
      iscf         7
       ixc        11
       kpt -0.12500000000000D+00 -0.25000000000000D+00  0.00000000000000D+00
           -0.25000000000000D+00 -0.12500000000000D+00  0.00000000000000D+00
           -0.12500000000000D+00 -0.12500000000000D+00  0.12500000000000D+00
           -0.12500000000000D+00  0.50000000000000D+00  0.00000000000000D+00
           -0.25000000000000D+00 -0.37500000000000D+00  0.00000000000000D+00
           -0.12500000000000D+00 -0.37500000000000D+00  0.12500000000000D+00
           -0.37500000000000D+00 -0.25000000000000D+00  0.00000000000000D+00
           -0.25000000000000D+00 -0.25000000000000D+00  0.12500000000000D+00
           -0.12500000000000D+00 -0.25000000000000D+00  0.25000000000000D+00
            0.50000000000000D+00 -0.12500000000000D+00  0.00000000000000D+00
           -0.37500000000000D+00 -0.12500000000000D+00  0.12500000000000D+00
           -0.25000000000000D+00 -0.12500000000000D+00  0.25000000000000D+00
           -0.12500000000000D+00 -0.12500000000000D+00  0.37500000000000D+00
           -0.12500000000000D+00  0.25000000000000D+00  0.00000000000000D+00
           -0.25000000000000D+00  0.37500000000000D+00  0.00000000000000D+00
           -0.12500000000000D+00  0.37500000000000D+00  0.12500000000000D+00
           -0.37500000000000D+00  0.50000000000000D+00  0.00000000000000D+00
           -0.25000000000000D+00  0.50000000000000D+00  0.12500000000000D+00
           -0.12500000000000D+00  0.50000000000000D+00  0.25000000000000D+00
            0.50000000000000D+00 -0.37500000000000D+00  0.00000000000000D+00
           -0.37500000000000D+00 -0.37500000000000D+00  0.12500000000000D+00
           -0.25000000000000D+00 -0.37500000000000D+00  0.25000000000000D+00
           -0.12500000000000D+00 -0.37500000000000D+00  0.37500000000000D+00
            0.37500000000000D+00 -0.25000000000000D+00  0.00000000000000D+00
            0.50000000000000D+00 -0.25000000000000D+00  0.12500000000000D+00
           -0.37500000000000D+00 -0.25000000000000D+00  0.25000000000000D+00
           -0.25000000000000D+00 -0.25000000000000D+00  0.37500000000000D+00
           -0.12500000000000D+00 -0.25000000000000D+00  0.50000000000000D+00
            0.25000000000000D+00 -0.12500000000000D+00  0.00000000000000D+00
            0.37500000000000D+00 -0.12500000000000D+00  0.12500000000000D+00
            0.50000000000000D+00 -0.12500000000000D+00  0.25000000000000D+00
           -0.37500000000000D+00 -0.12500000000000D+00  0.37500000000000D+00
           -0.25000000000000D+00 -0.12500000000000D+00  0.50000000000000D+00
           -0.12500000000000D+00 -0.12500000000000D+00 -0.37500000000000D+00
           -0.12500000000000D+00  0.00000000000000D+00  0.00000000000000D+00
           -0.25000000000000D+00  0.12500000000000D+00  0.00000000000000D+00
           -0.12500000000000D+00  0.12500000000000D+00  0.12500000000000D+00
           -0.37500000000000D+00  0.25000000000000D+00  0.00000000000000D+00
           -0.25000000000000D+00  0.25000000000000D+00  0.12500000000000D+00
           -0.12500000000000D+00  0.25000000000000D+00  0.25000000000000D+00
            0.50000000000000D+00  0.37500000000000D+00  0.00000000000000D+00
           -0.37500000000000D+00  0.37500000000000D+00  0.12500000000000D+00
           -0.25000000000000D+00  0.37500000000000D+00  0.25000000000000D+00
           -0.12500000000000D+00  0.37500000000000D+00  0.37500000000000D+00
            0.37500000000000D+00  0.50000000000000D+00  0.00000000000000D+00
            0.50000000000000D+00  0.50000000000000D+00  0.12500000000000D+00
           -0.37500000000000D+00  0.50000000000000D+00  0.25000000000000D+00
           -0.25000000000000D+00  0.50000000000000D+00  0.37500000000000D+00
           -0.12500000000000D+00  0.50000000000000D+00  0.50000000000000D+00
            0.25000000000000D+00 -0.37500000000000D+00  0.00000000000000D+00
            0.37500000000000D+00 -0.37500000000000D+00  0.12500000000000D+00
            0.50000000000000D+00 -0.37500000000000D+00  0.25000000000000D+00
           -0.37500000000000D+00 -0.37500000000000D+00  0.37500000000000D+00
           -0.25000000000000D+00 -0.37500000000000D+00  0.50000000000000D+00
           -0.12500000000000D+00 -0.37500000000000D+00 -0.37500000000000D+00
            0.12500000000000D+00 -0.25000000000000D+00  0.00000000000000D+00
            0.25000000000000D+00 -0.25000000000000D+00  0.12500000000000D+00
            0.37500000000000D+00 -0.25000000000000D+00  0.25000000000000D+00
            0.50000000000000D+00 -0.25000000000000D+00  0.37500000000000D+00
           -0.37500000000000D+00 -0.25000000000000D+00  0.50000000000000D+00
           -0.25000000000000D+00 -0.25000000000000D+00 -0.37500000000000D+00
           -0.12500000000000D+00 -0.25000000000000D+00 -0.25000000000000D+00
            0.00000000000000D+00 -0.12500000000000D+00  0.00000000000000D+00
            0.12500000000000D+00 -0.12500000000000D+00  0.12500000000000D+00
            0.25000000000000D+00 -0.12500000000000D+00  0.25000000000000D+00
            0.37500000000000D+00 -0.12500000000000D+00  0.37500000000000D+00
            0.50000000000000D+00 -0.12500000000000D+00  0.50000000000000D+00
           -0.37500000000000D+00 -0.12500000000000D+00 -0.37500000000000D+00
           -0.25000000000000D+00 -0.12500000000000D+00 -0.25000000000000D+00
           -0.12500000000000D+00 -0.12500000000000D+00 -0.12500000000000D+00
           -0.37500000000000D+00  0.00000000000000D+00  0.00000000000000D+00
           -0.25000000000000D+00  0.00000000000000D+00  0.12500000000000D+00
           -0.12500000000000D+00  0.00000000000000D+00  0.25000000000000D+00
            0.50000000000000D+00  0.12500000000000D+00  0.00000000000000D+00
           -0.37500000000000D+00  0.12500000000000D+00  0.12500000000000D+00
           -0.25000000000000D+00  0.12500000000000D+00  0.25000000000000D+00
           -0.12500000000000D+00  0.12500000000000D+00  0.37500000000000D+00
            0.37500000000000D+00  0.25000000000000D+00  0.00000000000000D+00
            0.50000000000000D+00  0.25000000000000D+00  0.12500000000000D+00
           -0.37500000000000D+00  0.25000000000000D+00  0.25000000000000D+00
           -0.25000000000000D+00  0.25000000000000D+00  0.37500000000000D+00
           -0.12500000000000D+00  0.25000000000000D+00  0.50000000000000D+00
            0.25000000000000D+00  0.37500000000000D+00  0.00000000000000D+00
            0.37500000000000D+00  0.37500000000000D+00  0.12500000000000D+00
            0.50000000000000D+00  0.37500000000000D+00  0.25000000000000D+00
           -0.37500000000000D+00  0.37500000000000D+00  0.37500000000000D+00
           -0.25000000000000D+00  0.37500000000000D+00  0.50000000000000D+00
           -0.12500000000000D+00  0.37500000000000D+00 -0.37500000000000D+00
            0.12500000000000D+00  0.50000000000000D+00  0.00000000000000D+00
            0.25000000000000D+00  0.50000000000000D+00  0.12500000000000D+00
            0.37500000000000D+00  0.50000000000000D+00  0.25000000000000D+00
            0.50000000000000D+00  0.50000000000000D+00  0.37500000000000D+00
           -0.37500000000000D+00  0.50000000000000D+00  0.50000000000000D+00
           -0.25000000000000D+00  0.50000000000000D+00 -0.37500000000000D+00
           -0.12500000000000D+00  0.50000000000000D+00 -0.25000000000000D+00
            0.00000000000000D+00 -0.37500000000000D+00  0.00000000000000D+00
            0.12500000000000D+00 -0.37500000000000D+00  0.12500000000000D+00
            0.25000000000000D+00 -0.37500000000000D+00  0.25000000000000D+00
            0.37500000000000D+00 -0.37500000000000D+00  0.37500000000000D+00
            0.50000000000000D+00 -0.37500000000000D+00  0.50000000000000D+00
           -0.37500000000000D+00 -0.37500000000000D+00 -0.37500000000000D+00
           -0.25000000000000D+00 -0.37500000000000D+00 -0.25000000000000D+00
           -0.12500000000000D+00 -0.37500000000000D+00 -0.12500000000000D+00
            0.00000000000000D+00 -0.25000000000000D+00  0.12500000000000D+00
            0.12500000000000D+00 -0.25000000000000D+00  0.25000000000000D+00
            0.25000000000000D+00 -0.25000000000000D+00  0.37500000000000D+00
            0.37500000000000D+00 -0.25000000000000D+00  0.50000000000000D+00
            0.50000000000000D+00 -0.25000000000000D+00 -0.37500000000000D+00
           -0.37500000000000D+00 -0.25000000000000D+00 -0.25000000000000D+00
           -0.25000000000000D+00 -0.25000000000000D+00 -0.12500000000000D+00
            0.00000000000000D+00 -0.12500000000000D+00  0.25000000000000D+00
            0.12500000000000D+00 -0.12500000000000D+00  0.37500000000000D+00
            0.25000000000000D+00 -0.12500000000000D+00  0.50000000000000D+00
            0.37500000000000D+00 -0.12500000000000D+00 -0.37500000000000D+00
            0.50000000000000D+00 -0.12500000000000D+00 -0.25000000000000D+00
           -0.37500000000000D+00 -0.12500000000000D+00 -0.12500000000000D+00
            0.37500000000000D+00  0.00000000000000D+00  0.00000000000000D+00
            0.50000000000000D+00  0.00000000000000D+00  0.12500000000000D+00
           -0.37500000000000D+00  0.00000000000000D+00  0.25000000000000D+00
           -0.25000000000000D+00  0.00000000000000D+00  0.37500000000000D+00
           -0.12500000000000D+00  0.00000000000000D+00  0.50000000000000D+00
            0.25000000000000D+00  0.12500000000000D+00  0.00000000000000D+00
            0.37500000000000D+00  0.12500000000000D+00  0.12500000000000D+00
            0.50000000000000D+00  0.12500000000000D+00  0.25000000000000D+00
           -0.37500000000000D+00  0.12500000000000D+00  0.37500000000000D+00
           -0.25000000000000D+00  0.12500000000000D+00  0.50000000000000D+00
           -0.12500000000000D+00  0.12500000000000D+00 -0.37500000000000D+00
            0.12500000000000D+00  0.25000000000000D+00  0.00000000000000D+00
            0.25000000000000D+00  0.25000000000000D+00  0.12500000000000D+00
            0.37500000000000D+00  0.25000000000000D+00  0.25000000000000D+00
            0.50000000000000D+00  0.25000000000000D+00  0.37500000000000D+00
           -0.37500000000000D+00  0.25000000000000D+00  0.50000000000000D+00
           -0.25000000000000D+00  0.25000000000000D+00 -0.37500000000000D+00
           -0.12500000000000D+00  0.25000000000000D+00 -0.25000000000000D+00
            0.00000000000000D+00  0.37500000000000D+00  0.00000000000000D+00
            0.12500000000000D+00  0.37500000000000D+00  0.12500000000000D+00
            0.25000000000000D+00  0.37500000000000D+00  0.25000000000000D+00
            0.37500000000000D+00  0.37500000000000D+00  0.37500000000000D+00
            0.50000000000000D+00  0.37500000000000D+00  0.50000000000000D+00
           -0.37500000000000D+00  0.37500000000000D+00 -0.37500000000000D+00
           -0.25000000000000D+00  0.37500000000000D+00 -0.25000000000000D+00
           -0.12500000000000D+00  0.37500000000000D+00 -0.12500000000000D+00
            0.00000000000000D+00  0.50000000000000D+00  0.12500000000000D+00
            0.12500000000000D+00  0.50000000000000D+00  0.25000000000000D+00
            0.25000000000000D+00  0.50000000000000D+00  0.37500000000000D+00
            0.37500000000000D+00  0.50000000000000D+00  0.50000000000000D+00
            0.50000000000000D+00  0.50000000000000D+00 -0.37500000000000D+00
           -0.37500000000000D+00  0.50000000000000D+00 -0.25000000000000D+00
           -0.25000000000000D+00  0.50000000000000D+00 -0.12500000000000D+00
            0.00000000000000D+00 -0.37500000000000D+00  0.25000000000000D+00
            0.12500000000000D+00 -0.37500000000000D+00  0.37500000000000D+00
            0.25000000000000D+00 -0.37500000000000D+00  0.50000000000000D+00
            0.37500000000000D+00 -0.37500000000000D+00 -0.37500000000000D+00
            0.50000000000000D+00 -0.37500000000000D+00 -0.25000000000000D+00
           -0.37500000000000D+00 -0.37500000000000D+00 -0.12500000000000D+00
            0.00000000000000D+00 -0.25000000000000D+00  0.37500000000000D+00
            0.12500000000000D+00 -0.25000000000000D+00  0.50000000000000D+00
            0.25000000000000D+00 -0.25000000000000D+00 -0.37500000000000D+00
            0.37500000000000D+00 -0.25000000000000D+00 -0.25000000000000D+00
            0.50000000000000D+00 -0.25000000000000D+00 -0.12500000000000D+00
            0.00000000000000D+00 -0.12500000000000D+00  0.50000000000000D+00
            0.12500000000000D+00 -0.12500000000000D+00 -0.37500000000000D+00
            0.25000000000000D+00 -0.12500000000000D+00 -0.25000000000000D+00
            0.37500000000000D+00 -0.12500000000000D+00 -0.12500000000000D+00
            0.12500000000000D+00  0.00000000000000D+00  0.00000000000000D+00
            0.25000000000000D+00  0.00000000000000D+00  0.12500000000000D+00
            0.37500000000000D+00  0.00000000000000D+00  0.25000000000000D+00
            0.50000000000000D+00  0.00000000000000D+00  0.37500000000000D+00
           -0.37500000000000D+00  0.00000000000000D+00  0.50000000000000D+00
           -0.25000000000000D+00  0.00000000000000D+00 -0.37500000000000D+00
           -0.12500000000000D+00  0.00000000000000D+00 -0.25000000000000D+00
            0.00000000000000D+00  0.12500000000000D+00  0.00000000000000D+00
            0.12500000000000D+00  0.12500000000000D+00  0.12500000000000D+00
            0.25000000000000D+00  0.12500000000000D+00  0.25000000000000D+00
            0.37500000000000D+00  0.12500000000000D+00  0.37500000000000D+00
            0.50000000000000D+00  0.12500000000000D+00  0.50000000000000D+00
           -0.37500000000000D+00  0.12500000000000D+00 -0.37500000000000D+00
           -0.25000000000000D+00  0.12500000000000D+00 -0.25000000000000D+00
           -0.12500000000000D+00  0.12500000000000D+00 -0.12500000000000D+00
            0.00000000000000D+00  0.25000000000000D+00  0.12500000000000D+00
            0.12500000000000D+00  0.25000000000000D+00  0.25000000000000D+00
            0.25000000000000D+00  0.25000000000000D+00  0.37500000000000D+00
            0.37500000000000D+00  0.25000000000000D+00  0.50000000000000D+00
            0.50000000000000D+00  0.25000000000000D+00 -0.37500000000000D+00
           -0.37500000000000D+00  0.25000000000000D+00 -0.25000000000000D+00
           -0.25000000000000D+00  0.25000000000000D+00 -0.12500000000000D+00
            0.00000000000000D+00  0.37500000000000D+00  0.25000000000000D+00
            0.12500000000000D+00  0.37500000000000D+00  0.37500000000000D+00
            0.25000000000000D+00  0.37500000000000D+00  0.50000000000000D+00
            0.37500000000000D+00  0.37500000000000D+00 -0.37500000000000D+00
            0.50000000000000D+00  0.37500000000000D+00 -0.25000000000000D+00
           -0.37500000000000D+00  0.37500000000000D+00 -0.12500000000000D+00
            0.00000000000000D+00  0.50000000000000D+00  0.37500000000000D+00
            0.12500000000000D+00  0.50000000000000D+00  0.50000000000000D+00
            0.25000000000000D+00  0.50000000000000D+00 -0.37500000000000D+00
            0.37500000000000D+00  0.50000000000000D+00 -0.25000000000000D+00
            0.50000000000000D+00  0.50000000000000D+00 -0.12500000000000D+00
            0.00000000000000D+00 -0.37500000000000D+00  0.50000000000000D+00
            0.12500000000000D+00 -0.37500000000000D+00 -0.37500000000000D+00
            0.25000000000000D+00 -0.37500000000000D+00 -0.25000000000000D+00
            0.37500000000000D+00 -0.37500000000000D+00 -0.12500000000000D+00
            0.00000000000000D+00 -0.25000000000000D+00 -0.37500000000000D+00
            0.12500000000000D+00 -0.25000000000000D+00 -0.25000000000000D+00
            0.25000000000000D+00 -0.25000000000000D+00 -0.12500000000000D+00
            0.00000000000000D+00 -0.12500000000000D+00 -0.25000000000000D+00
            0.12500000000000D+00 -0.12500000000000D+00 -0.12500000000000D+00
            0.00000000000000D+00  0.00000000000000D+00  0.12500000000000D+00
            0.12500000000000D+00  0.00000000000000D+00  0.25000000000000D+00
            0.25000000000000D+00  0.00000000000000D+00  0.37500000000000D+00
            0.37500000000000D+00  0.00000000000000D+00  0.50000000000000D+00
            0.50000000000000D+00  0.00000000000000D+00 -0.37500000000000D+00
           -0.37500000000000D+00  0.00000000000000D+00 -0.25000000000000D+00
           -0.25000000000000D+00  0.00000000000000D+00 -0.12500000000000D+00
            0.00000000000000D+00  0.12500000000000D+00  0.25000000000000D+00
            0.12500000000000D+00  0.12500000000000D+00  0.37500000000000D+00
            0.25000000000000D+00  0.12500000000000D+00  0.50000000000000D+00
            0.37500000000000D+00  0.12500000000000D+00 -0.37500000000000D+00
            0.50000000000000D+00  0.12500000000000D+00 -0.25000000000000D+00
           -0.37500000000000D+00  0.12500000000000D+00 -0.12500000000000D+00
            0.00000000000000D+00  0.25000000000000D+00  0.37500000000000D+00
            0.12500000000000D+00  0.25000000000000D+00  0.50000000000000D+00
            0.25000000000000D+00  0.25000000000000D+00 -0.37500000000000D+00
            0.37500000000000D+00  0.25000000000000D+00 -0.25000000000000D+00
            0.50000000000000D+00  0.25000000000000D+00 -0.12500000000000D+00
            0.00000000000000D+00  0.37500000000000D+00  0.50000000000000D+00
            0.12500000000000D+00  0.37500000000000D+00 -0.37500000000000D+00
            0.25000000000000D+00  0.37500000000000D+00 -0.25000000000000D+00
            0.37500000000000D+00  0.37500000000000D+00 -0.12500000000000D+00
            0.00000000000000D+00  0.50000000000000D+00 -0.37500000000000D+00
            0.12500000000000D+00  0.50000000000000D+00 -0.25000000000000D+00
            0.25000000000000D+00  0.50000000000000D+00 -0.12500000000000D+00
            0.00000000000000D+00 -0.37500000000000D+00 -0.25000000000000D+00
            0.12500000000000D+00 -0.37500000000000D+00 -0.12500000000000D+00
            0.00000000000000D+00 -0.25000000000000D+00 -0.12500000000000D+00
            0.00000000000000D+00  0.00000000000000D+00  0.37500000000000D+00
            0.12500000000000D+00  0.00000000000000D+00  0.50000000000000D+00
            0.25000000000000D+00  0.00000000000000D+00 -0.37500000000000D+00
            0.37500000000000D+00  0.00000000000000D+00 -0.25000000000000D+00
            0.50000000000000D+00  0.00000000000000D+00 -0.12500000000000D+00
            0.00000000000000D+00  0.12500000000000D+00  0.50000000000000D+00
            0.12500000000000D+00  0.12500000000000D+00 -0.37500000000000D+00
            0.25000000000000D+00  0.12500000000000D+00 -0.25000000000000D+00
            0.37500000000000D+00  0.12500000000000D+00 -0.12500000000000D+00
            0.00000000000000D+00  0.25000000000000D+00 -0.37500000000000D+00
            0.12500000000000D+00  0.25000000000000D+00 -0.25000000000000D+00
            0.25000000000000D+00  0.25000000000000D+00 -0.12500000000000D+00
            0.00000000000000D+00  0.37500000000000D+00 -0.25000000000000D+00
            0.12500000000000D+00  0.37500000000000D+00 -0.12500000000000D+00
            0.00000000000000D+00  0.50000000000000D+00 -0.12500000000000D+00
            0.00000000000000D+00  0.00000000000000D+00 -0.37500000000000D+00
            0.12500000000000D+00  0.00000000000000D+00 -0.25000000000000D+00
            0.25000000000000D+00  0.00000000000000D+00 -0.12500000000000D+00
            0.00000000000000D+00  0.12500000000000D+00 -0.25000000000000D+00
            0.12500000000000D+00  0.12500000000000D+00 -0.12500000000000D+00
            0.00000000000000D+00  0.25000000000000D+00 -0.12500000000000D+00
            0.00000000000000D+00  0.00000000000000D+00 -0.12500000000000D+00
    kptnrm  0.10000000000000D+01
     ngfft        30   30   30
    nspden         1
   nspinor         1
       occ  0.20000000000000D+01  0.20000000000000D+01  0.20000000000000D+01
            0.20000000000000D+01
     rprim  0.70710678120000D+00  0.70710678117000D+00  0.69650239756000D-10
            0.31527828871000D-10  0.70710678117000D+00  0.70710678120000D+00
            0.70710678119000D+00 -0.21777182160000D-10  0.70710678119000D+00
  dfpt_sciss  0.00000000000000D+00
    spinat  0.00000000000000D+00  0.00000000000000D+00  0.00000000000000D+00
            0.00000000000000D+00  0.00000000000000D+00  0.00000000000000D+00
    symafm         1
    symrel         1    0    0    0    1    0    0    0    1
     tnons  0.00000000000000D+00  0.00000000000000D+00  0.00000000000000D+00
    tolwfr  0.10000000000000D+01
   tphysel  0.00000000000000D+00
    tsmear  0.10000000000000D-01
     typat         1    1
       wtk  0.39062500000000D-02  0.39062500000000D-02  0.39062500000000D-02
            0.39062500000000D-02  0.39062500000000D-02  0.39062500000000D-02
            0.39062500000000D-02  0.39062500000000D-02  0.39062500000000D-02
            0.39062500000000D-02  0.39062500000000D-02  0.39062500000000D-02
            0.39062500000000D-02  0.39062500000000D-02  0.39062500000000D-02
            0.39062500000000D-02  0.39062500000000D-02  0.39062500000000D-02
            0.39062500000000D-02  0.39062500000000D-02  0.39062500000000D-02
            0.39062500000000D-02  0.39062500000000D-02  0.39062500000000D-02
            0.39062500000000D-02  0.39062500000000D-02  0.39062500000000D-02
            0.39062500000000D-02  0.39062500000000D-02  0.39062500000000D-02
            0.39062500000000D-02  0.39062500000000D-02  0.39062500000000D-02
            0.39062500000000D-02  0.39062500000000D-02  0.39062500000000D-02
            0.39062500000000D-02  0.39062500000000D-02  0.39062500000000D-02
            0.39062500000000D-02  0.39062500000000D-02  0.39062500000000D-02
            0.39062500000000D-02  0.39062500000000D-02  0.39062500000000D-02
            0.39062500000000D-02  0.39062500000000D-02  0.39062500000000D-02
            0.39062500000000D-02  0.39062500000000D-02  0.39062500000000D-02
            0.39062500000000D-02  0.39062500000000D-02  0.39062500000000D-02
            0.39062500000000D-02  0.39062500000000D-02  0.39062500000000D-02
            0.39062500000000D-02  0.39062500000000D-02  0.39062500000000D-02
            0.39062500000000D-02  0.39062500000000D-02  0.39062500000000D-02
            0.39062500000000D-02  0.39062500000000D-02  0.39062500000000D-02
            0.39062500000000D-02  0.39062500000000D-02  0.39062500000000D-02
            0.39062500000000D-02  0.39062500000000D-02  0.39062500000000D-02
            0.39062500000000D-02  0.39062500000000D-02  0.39062500000000D-02
            0.39062500000000D-02  0.39062500000000D-02  0.39062500000000D-02
            0.39062500000000D-02  0.39062500000000D-02  0.39062500000000D-02
            0.39062500000000D-02  0.39062500000000D-02  0.39062500000000D-02
            0.39062500000000D-02  0.39062500000000D-02  0.39062500000000D-02
            0.39062500000000D-02  0.39062500000000D-02  0.39062500000000D-02
            0.39062500000000D-02  0.39062500000000D-02  0.39062500000000D-02
            0.39062500000000D-02  0.39062500000000D-02  0.39062500000000D-02
            0.39062500000000D-02  0.39062500000000D-02  0.39062500000000D-02
            0.39062500000000D-02  0.39062500000000D-02  0.39062500000000D-02
            0.39062500000000D-02  0.39062500000000D-02  0.39062500000000D-02
            0.39062500000000D-02  0.39062500000000D-02  0.39062500000000D-02
            0.39062500000000D-02  0.39062500000000D-02  0.39062500000000D-02
            0.39062500000000D-02  0.39062500000000D-02  0.39062500000000D-02
            0.39062500000000D-02  0.39062500000000D-02  0.39062500000000D-02
            0.39062500000000D-02  0.39062500000000D-02  0.39062500000000D-02
            0.39062500000000D-02  0.39062500000000D-02  0.39062500000000D-02
            0.39062500000000D-02  0.39062500000000D-02  0.39062500000000D-02
            0.39062500000000D-02  0.39062500000000D-02  0.39062500000000D-02
            0.39062500000000D-02  0.39062500000000D-02  0.39062500000000D-02
            0.39062500000000D-02  0.39062500000000D-02  0.39062500000000D-02
            0.39062500000000D-02  0.39062500000000D-02  0.39062500000000D-02
            0.39062500000000D-02  0.39062500000000D-02  0.39062500000000D-02
            0.39062500000000D-02  0.39062500000000D-02  0.39062500000000D-02
            0.39062500000000D-02  0.39062500000000D-02  0.39062500000000D-02
            0.39062500000000D-02  0.39062500000000D-02  0.39062500000000D-02
            0.39062500000000D-02  0.39062500000000D-02  0.39062500000000D-02
            0.39062500000000D-02  0.39062500000000D-02  0.39062500000000D-02
            0.39062500000000D-02  0.39062500000000D-02  0.39062500000000D-02
            0.39062500000000D-02  0.39062500000000D-02  0.39062500000000D-02
            0.39062500000000D-02  0.39062500000000D-02  0.39062500000000D-02
            0.39062500000000D-02  0.39062500000000D-02  0.39062500000000D-02
            0.39062500000000D-02  0.39062500000000D-02  0.39062500000000D-02
            0.39062500000000D-02  0.39062500000000D-02  0.39062500000000D-02
            0.39062500000000D-02  0.39062500000000D-02  0.39062500000000D-02
            0.39062500000000D-02  0.39062500000000D-02  0.39062500000000D-02
            0.39062500000000D-02  0.39062500000000D-02  0.39062500000000D-02
            0.39062500000000D-02  0.39062500000000D-02  0.39062500000000D-02
            0.39062500000000D-02  0.39062500000000D-02  0.39062500000000D-02
            0.39062500000000D-02  0.39062500000000D-02  0.39062500000000D-02
            0.39062500000000D-02  0.39062500000000D-02  0.39062500000000D-02
            0.39062500000000D-02  0.39062500000000D-02  0.39062500000000D-02
            0.39062500000000D-02  0.39062500000000D-02  0.39062500000000D-02
            0.39062500000000D-02  0.39062500000000D-02  0.39062500000000D-02
            0.39062500000000D-02  0.39062500000000D-02  0.39062500000000D-02
            0.39062500000000D-02  0.39062500000000D-02  0.39062500000000D-02
            0.39062500000000D-02  0.39062500000000D-02  0.39062500000000D-02
            0.39062500000000D-02  0.39062500000000D-02  0.39062500000000D-02
            0.39062500000000D-02  0.39062500000000D-02  0.39062500000000D-02
            0.39062500000000D-02  0.39062500000000D-02  0.39062500000000D-02
            0.39062500000000D-02  0.39062500000000D-02  0.39062500000000D-02
            0.39062500000000D-02  0.39062500000000D-02  0.39062500000000D-02
            0.39062500000000D-02  0.39062500000000D-02  0.39062500000000D-02
            0.39062500000000D-02  0.39062500000000D-02  0.39062500000000D-02
            0.39062500000000D-02  0.39062500000000D-02  0.39062500000000D-02
            0.39062500000000D-02  0.39062500000000D-02  0.39062500000000D-02
            0.39062500000000D-02  0.39062500000000D-02  0.39062500000000D-02
            0.39062500000000D-02  0.39062500000000D-02  0.39062500000000D-02
            0.39062500000000D-02  0.39062500000000D-02  0.39062500000000D-02
            0.39062500000000D-02  0.39062500000000D-02  0.39062500000000D-02
            0.39062500000000D-02  0.39062500000000D-02  0.39062500000000D-02
            0.39062500000000D-02
      xred  0.38076535396000D-10 -0.56571522372000D-11  0.44847551496000D-11
            0.24999999996000D+00  0.25000000001000D+00  0.25000000000000D+00
     znucl  0.14000000000000D+02
      zion  0.40000000000000D+01
 
  Description of the potentials (KB energies)
  vrsio8 (for pseudopotentials)=100401
  usepaw =  0
  dimekb =  6       lmnmax=  6
  Atom type=    1   pspso=  0   nekb=   6
  iln lpsang iproj  ekb(:)
     1     0     1     5.1689652E+00  0.0000000E+00  0.0000000E+00  0.0000000E+00
                       0.0000000E+00  0.0000000E+00
     2     0     2     0.0000000E+00  8.2988269E-01  0.0000000E+00  0.0000000E+00
                       0.0000000E+00  0.0000000E+00
     3     1     1     0.0000000E+00  0.0000000E+00  2.5712823E+00  0.0000000E+00
                       0.0000000E+00  0.0000000E+00
     4     1     2     0.0000000E+00  0.0000000E+00  0.0000000E+00  5.7830699E-01
                       0.0000000E+00  0.0000000E+00
     5     2     1     0.0000000E+00  0.0000000E+00  0.0000000E+00  0.0000000E+00
                      -2.4273106E+00  0.0000000E+00
     6     2     2     0.0000000E+00  0.0000000E+00  0.0000000E+00  0.0000000E+00
                      -2.4273106E+00  0.0000000E+00
 
 **** Database of total energy derivatives ****
 Number of data blocks=   19
  
 2nd derivatives (non-stat.)  - # elements :      36
 qpt -2.50000000E-01  2.50000000E-01  2.50000000E-01   1.0
   1   1   1   1  0.67522268662107D+01  0.13181248252095D-14
   2   1   1   1  0.32087000866304D+01 -0.20899678704404D+00
   3   1   1   1  0.32087092276840D+01 -0.20899679184419D+00
   1   2   1   1 -0.27241859716248D+01  0.19822974743066D+01
   2   2   1   1 -0.24604949035232D+01 -0.17029704798776D+00
   3   2   1   1 -0.24604948976021D+01 -0.17029706059145D+00
   1   1   2   1  0.32087016563836D+01  0.20899667131169D+00
   2   1   2   1  0.71015733291880D+01  0.80915361536031D-16
   3   1   2   1  0.38827788980634D+01  0.63183413307642D-07
   1   2   2   1 -0.24604941532253D+01 -0.17029706871562D+00
   2   2   2   1 -0.26917602328766D+01 -0.30533231995128D+01
   3   2   2   1 -0.24377017499631D+01 -0.41680878214729D+00
   1   1   3   1  0.32087108217469D+01  0.20899663919698D+00
   2   1   3   1  0.38827788691212D+01  0.65952092655230D-07
   3   1   3   1  0.71015820972742D+01  0.29362440867327D-15
   1   2   3   1 -0.24604940763232D+01 -0.17029702049551D+00
   2   2   3   1 -0.24377017451931D+01 -0.41680880577840D+00
   3   2   3   1 -0.26917602000749D+01 -0.30533232498628D+01
   1   1   1   2 -0.27241859721733D+01 -0.19822974751980D+01
   2   1   1   2 -0.24604949289926D+01  0.17029698013544D+00
   3   1   1   2 -0.24604949263549D+01  0.17029698047504D+00
   1   2   1   2  0.67522357256755D+01  0.13181248252095D-14
   2   2   1   2  0.32087104727752D+01  0.20899690323084D+00
   3   2   1   2  0.32087106161256D+01  0.20899690327409D+00
   1   1   2   2 -0.24604941248041D+01  0.17029713570440D+00
   2   1   2   2 -0.26917602331475D+01  0.30533232000159D+01
   3   1   2   2 -0.24377017554976D+01  0.41680877744629D+00
   1   2   2   2  0.32087120452342D+01 -0.20899678534967D+00
   2   2   2   2  0.71016388085300D+01  0.80915361536030D-16
   3   2   2   2  0.38828018986150D+01 -0.65059770519729D-07
   1   1   3   2 -0.24604940437627D+01  0.17029710033969D+00
   2   1   3   2 -0.24377017400154D+01  0.41680881221192D+00
   3   1   3   2 -0.26917602000579D+01  0.30533232505520D+01
   1   2   3   2  0.32087122128118D+01 -0.20899674754433D+00
   2   2   3   2  0.38828018696438D+01 -0.67422999060673D-07
   3   2   3   2  0.71016387993403D+01  0.29362440867326D-15
  
 2nd derivatives (non-stat.)  - # elements :      36
 qpt  0.00000000E+00  5.00000000E-01  2.50000000E-01   1.0
   1   1   1   1  0.64376653712687D+01 -0.40847680902494D-15
   2   1   1   1  0.32188264051055D+01  0.35489552303044D-06
   3   1   1   1  0.32188355227321D+01 -0.26486117409033D-06
   1   2   1   1 -0.52730292277219D+01 -0.50811705892275D+00
   2   2   1   1 -0.26365139204906D+01 -0.25405833776626D+00
   3   2   1   1 -0.26365143072603D+01 -0.25405894690275D+00
   1   1   2   1  0.32188265789733D+01  0.62543730968435D-07
   2   1   2   1  0.74363871744797D+01  0.19864509113118D-15
   3   1   2   1  0.38929049380594D+01 -0.20899755281953D+00
   1   2   2   1 -0.26365144194414D+01 -0.25405849763642D+00
   2   2   2   1 -0.73042919688560D+00 -0.49496002500887D+00
   3   2   2   1 -0.28830257032448D+01 -0.23126570588853D+00
   1   1   3   1  0.32188357611926D+01  0.63695432842750D-08
   2   1   3   1  0.38929036342155D+01  0.20899643533048D+00
   3   1   3   1  0.71015820221383D+01 -0.14309408249015D-15
   1   2   3   1 -0.26365144607509D+01 -0.25405845568092D+00
   2   2   3   1 -0.28830263575912D+01 -0.23126627809454D+00
   3   2   3   1 -0.30533233178854D+01 -0.26917601957480D+01
   1   1   1   2 -0.52730292282107D+01  0.50811705842128D+00
   2   1   1   2 -0.26365139393202D+01  0.25405833955935D+00
   3   1   1   2 -0.26365143324562D+01  0.25405892671444D+00
   1   2   1   2  0.64376742240076D+01 -0.40847680902494D-15
   2   2   1   2  0.32188367637198D+01 -0.34935952418151D-06
   3   2   1   2  0.32188368887628D+01  0.26208090509643D-06
   1   1   2   2 -0.26365144046203D+01  0.25405849604472D+00
   2   1   2   2 -0.73042919459503D+00  0.49496002735529D+00
   3   1   2   2 -0.28830257541142D+01  0.23126568614310D+00
   1   2   2   2  0.32188369395263D+01 -0.69452346222722D-07
   2   2   2   2  0.74364525986100D+01  0.19864509113118D-15
   3   2   2   2  0.38929279146760D+01  0.20899765755956D+00
   1   1   3   2 -0.26365144391646D+01  0.25405847517003D+00
   2   1   3   2 -0.28830263032554D+01  0.23126629706480D+00
   3   1   3   2 -0.30533233170763D+01  0.26917601960450D+01
   1   2   3   2  0.32188371287963D+01 -0.38357394393440D-08
   2   2   3   2  0.38929266160230D+01 -0.20899654210397D+00
   3   2   3   2  0.71016387516328D+01 -0.14309408249015D-15
  
 2nd derivatives (non-stat.)  - # elements :      36
 qpt  2.50000000E-01  5.00000000E-01  2.50000000E-01   1.0
   1   1   1   1  0.70869565499324D+01 -0.15285790625152D-14
   2   1   1   1  0.35637228434008D+01  0.18751439859945D+00
   3   1   1   1  0.37860812289258D+01  0.11261460116393D-05
   1   2   1   1 -0.22857627029911D+01 -0.34705221900239D+01
   2   2   1   1 -0.22857635228930D+01 -0.46101196921818D+00
   3   2   1   1 -0.22857627199345D+01 -0.70516860872640D+00
   1   1   2   1  0.35637247175689D+01 -0.18751226531114D+00
   2   1   2   1  0.71274043902825D+01  0.48681120472296D-16
   3   1   2   1  0.35637119149644D+01 -0.18751225873442D+00
   1   2   2   1 -0.22857611835401D+01 -0.46100882195437D+00
   2   2   2   1  0.12393544164420D-07 -0.92201764943053D+00
   3   2   2   1 -0.22857611574091D+01 -0.46100882007508D+00
   1   1   3   1  0.37860812275672D+01  0.11097596812910D-05
   2   1   3   1  0.35637100350469D+01  0.18751436779635D+00
   3   1   3   1  0.70869085214150D+01 -0.23882576650090D-15
   1   2   3   1 -0.22857627195783D+01 -0.70516860413556D+00
   2   2   3   1 -0.22857634966468D+01 -0.46101197846058D+00
   3   2   3   1 -0.22857626784505D+01 -0.34705222265642D+01
   1   1   1   2 -0.22857627030194D+01  0.34705221899417D+01
   2   1   1   2 -0.22857634510319D+01  0.46101198390861D+00
   3   1   1   2 -0.22857627273115D+01  0.70516860245601D+00
   1   2   1   2  0.70869652495804D+01 -0.15285790625152D-14
   2   2   1   2  0.35637331341036D+01 -0.18751452723266D+00
   3   2   1   2  0.37860824762397D+01 -0.11262634044704D-05
   1   1   2   2 -0.22857612612015D+01  0.46100880124476D+00
   2   1   2   2  0.15026125622573D-07  0.92201763977428D+00
   3   1   2   2 -0.22857612528305D+01  0.46100880473385D+00
   1   2   2   2  0.35637350166102D+01  0.18751239858897D+00
   2   2   2   2  0.71274699458081D+01  0.48681120472296D-16
   3   2   2   2  0.35637350288837D+01  0.18751239337377D+00
   1   1   3   2 -0.22857627120031D+01  0.70516861067835D+00
   2   1   3   2 -0.22857634060480D+01  0.46101198874543D+00
   3   1   3   2 -0.22857626782035D+01  0.34705222267611D+01
   1   2   3   2  0.37860824750189D+01 -0.11097050444752D-05
   2   2   3   2  0.35637331410907D+01 -0.18751449699760D+00
   3   2   3   2  0.70869652589974D+01 -0.23882576650092D-15
  
 2nd derivatives (non-stat.)  - # elements :      36
 qpt  5.00000000E-01  5.00000000E-01  2.50000000E-01   1.0
   1   1   1   1  0.74364440103041D+01  0.44345427600380D-15
   2   1   1   1  0.42176056273754D+01  0.21617928857235D-05
   3   1   1   1  0.35435236542267D+01 -0.20899542468767D+00
   1   2   1   1  0.73042910427169D+00 -0.49496001659926D+00
   2   2   1   1 -0.19060852973213D+01 -0.24090155852716D+00
   3   2   1   1 -0.21525965804921D+01 -0.26369428090852D+00
   1   1   2   1  0.42176056337903D+01  0.20911732046115D-05
   2   1   2   1  0.74363872299972D+01 -0.21728721473944D-15
   3   1   2   1  0.35435017687006D+01 -0.20899548256965D+00
   1   2   2   1 -0.19060853552771D+01 -0.24090154497022D+00
   2   2   2   1  0.73042910390762D+00 -0.49496000811173D+00
   3   2   2   1 -0.21525966208758D+01 -0.26369423907022D+00
   1   1   3   1  0.35435241730919D+01  0.20899562446190D+00
   2   1   3   1  0.35435022527971D+01  0.20899562465796D+00
   3   1   3   1  0.67521788812190D+01  0.12339563943638D-15
   1   2   3   1 -0.21525945181343D+01 -0.26369100254884D+00
   2   2   3   1 -0.21525945218777D+01 -0.26369101018771D+00
   3   2   3   1 -0.19822974237988D+01 -0.27241859332042D+01
   1   1   1   2  0.73042910369552D+00  0.49496001556667D+00
   2   1   1   2 -0.19060852979132D+01  0.24090155841166D+00
   3   1   1   2 -0.21525966110541D+01  0.26369427450091D+00
   1   2   1   2  0.74364526210178D+01  0.44345427600380D-15
   2   2   1   2  0.42176157417031D+01 -0.21535708298088D-05
   3   2   1   2  0.35435249681375D+01  0.20899553708754D+00
   1   1   2   2 -0.19060853535003D+01  0.24090154494556D+00
   2   1   2   2  0.73042910605889D+00  0.49496000894283D+00
   3   1   2   2 -0.21525966665298D+01  0.26369425263743D+00
   1   2   2   2  0.42176157481526D+01 -0.21010480243845D-05
   2   2   2   2  0.74364526526599D+01 -0.21728721473944D-15
   3   2   2   2  0.35435248882206D+01  0.20899558610964D+00
   1   1   3   2 -0.21525944882609D+01  0.26369100783976D+00
   2   1   3   2 -0.21525944739914D+01  0.26369099838812D+00
   3   1   3   2 -0.19822974239615D+01  0.27241859335843D+01
   1   2   3   2  0.35435254861801D+01 -0.20899573413668D+00
   2   2   3   2  0.35435253746048D+01 -0.20899573186526D+00
   3   2   3   2  0.67522357556377D+01  0.12339563943638D-15
  
 2nd derivatives (non-stat.)  - # elements :      36
 qpt -2.50000000E-01  5.00000000E-01  2.50000000E-01   1.0
   1   1   1   1  0.67614736543814D+01  0.14800039741755D-14
   2   1   1   1  0.35994395809689D+01 -0.22116490974232D+00
   3   1   1   1  0.31620313853990D+01 -0.22116501218553D+00
   1   2   1   1 -0.23206533655871D+01  0.23206531249633D+01
   2   2   1   1 -0.23206488933088D+01  0.41235414928791D-05
   3   2   1   1 -0.23206492805030D+01  0.46482490674879D-05
   1   1   2   1  0.35994362446374D+01  0.22116479973377D+00
   2   1   2   1  0.71988279756663D+01 -0.56923003919856D-16
   3   1   2   1  0.35994240266257D+01 -0.22116549754592D+00
   1   2   2   1 -0.23206514411803D+01  0.17762667053585D-06
   2   2   2   1 -0.37703184038141D-06  0.65345928157793D-06
   3   2   2   1 -0.23206509388227D+01  0.48117694780931D-06
   1   1   3   1  0.31620313917132D+01  0.22116503071665D+00
   2   1   3   1  0.35994268418760D+01  0.22116504656718D+00
   3   1   3   1  0.67614256543172D+01 -0.43303121713023D-16
   1   2   3   1 -0.23206491946038D+01 -0.44650326333898D-05
   2   2   3   1 -0.23206486056561D+01 -0.39237879754745D-05
   3   2   3   1 -0.23206531851579D+01 -0.23206531766384D+01
   1   1   1   2 -0.23206533661055D+01 -0.23206531232114D+01
   2   1   1   2 -0.23206488739164D+01 -0.41313284161370D-05
   3   1   1   2 -0.23206492951148D+01 -0.47167430795455D-05
   1   2   1   2  0.67614825024599D+01  0.14800039741755D-14
   2   2   1   2  0.35994498777161D+01  0.22116500747674D+00
   3   2   1   2  0.31620328078765D+01  0.22116510476475D+00
   1   1   2   2 -0.23206514705121D+01 -0.15010101813080D-06
   2   1   2   2 -0.39546495724422D-06 -0.64326339653885D-06
   3   1   2   2 -0.23206509973938D+01 -0.48733231854042D-06
   1   2   2   2  0.35994465353174D+01 -0.22116489454042D+00
   2   2   2   2  0.71988935038779D+01 -0.56923003919856D-16
   3   2   2   2  0.35994471368125D+01  0.22116558827911D+00
   1   1   3   2 -0.23206491816014D+01  0.45334947599810D-05
   2   1   3   2 -0.23206485671213D+01  0.39376596708882D-05
   3   1   3   2 -0.23206531904269D+01  0.23206531764040D+01
   1   2   3   2  0.31620328126872D+01 -0.22116511722134D+00
   2   2   3   2  0.35994499417076D+01 -0.22116513305246D+00
   3   2   3   2  0.67614825272824D+01 -0.43303121713008D-16
  
 2nd derivatives (non-stat.)  - # elements :      36
 qpt  0.00000000E+00 -2.50000000E-01  2.50000000E-01   1.0
   1   1   1   1  0.66017575236419D+01 -0.31506762633533D-15
   2   1   1   1  0.33008731902498D+01  0.25703922271196D-06
   3   1   1   1  0.33008820834558D+01  0.54949261406447D-07
   1   2   1   1 -0.55307074759094D+01  0.26119292787420D-07
   2   2   1   1 -0.27653538456132D+01  0.44051277582427D-06
   3   2   1   1 -0.27653536132779D+01 -0.96574004520797D-07
   1   1   2   1  0.33008726868384D+01  0.16226339077158D-07
   2   1   2   1  0.70868997643852D+01 -0.26514659098978D-16
   3   1   2   1  0.35232091310736D+01 -0.18751324679844D+00
   1   2   2   1 -0.27653536290171D+01 -0.21434808456005D-07
   2   2   2   1 -0.34705222275907D+01  0.22857627183687D+01
   3   2   2   1 -0.30095102538580D+01 -0.78923763446774D-06
   1   1   3   1  0.33008818101338D+01 -0.18959223957014D-07
   2   1   3   1  0.35232091294288D+01  0.18751323050184D+00
   3   1   3   1  0.70869085152737D+01 -0.27977621805493D-15
   1   2   3   1 -0.27653536292284D+01  0.51217559273657D-07
   2   2   3   1 -0.30095102384078D+01  0.81315989662129D-06
   3   2   3   1 -0.34705222209415D+01 -0.22857626671137D+01
   1   1   1   2 -0.55307074750116D+01 -0.26180853152891D-07
   2   1   1   2 -0.27653538536263D+01 -0.43276526757654D-06
   3   1   1   2 -0.27653536295529D+01  0.71243736280528D-07
   1   2   1   2  0.66017662829414D+01 -0.31506762633533D-15
   2   2   1   2  0.33008835064147D+01 -0.25754825426325D-06
   3   2   1   2  0.33008833988471D+01 -0.57330696011712D-07
   1   1   2   2 -0.27653536219974D+01  0.12864887454032D-07
   2   1   2   2 -0.34705222276160D+01 -0.22857627185420D+01
   3   1   2   2 -0.30095102580206D+01  0.70624445543593D-06
   1   2   2   2  0.33008830041921D+01 -0.16858867957343D-07
   2   2   2   2  0.70869652698261D+01 -0.26514659098978D-16
   3   2   2   2  0.35232322090351D+01  0.18751337771574D+00
   1   1   3   2 -0.27653536118094D+01 -0.25770806599052D-07
   2   1   3   2 -0.30095102351397D+01 -0.73047154680691D-06
   3   1   3   2 -0.34705222209583D+01  0.22857626677970D+01
   1   2   3   2  0.33008831260995D+01  0.20924836452030D-07
   2   2   3   2  0.35232322074527D+01 -0.18751336202983D+00
   3   2   3   2  0.70869652468453D+01 -0.27977621805494D-15
  
 2nd derivatives (non-stat.)  - # elements :      36
 qpt  2.50000000E-01 -2.50000000E-01  2.50000000E-01   1.0
   1   1   1   1  0.71016300596927D+01 -0.13860912674408D-14
   2   1   1   1  0.32087018054449D+01  0.20899655909686D+00
   3   1   1   1  0.38828007796319D+01  0.10742203152236D-06
   1   2   1   1 -0.26917602012212D+01 -0.30533232788069D+01
   2   2   1   1 -0.24604939457619D+01 -0.17029696861441D+00
   3   2   1   1 -0.24377017209468D+01 -0.41680887102303D+00
   1   1   2   1  0.32087000762003D+01 -0.20899681094019D+00
   2   1   2   1  0.67521700864059D+01 -0.11006564480890D-15
   3   1   2   1  0.32086872748267D+01 -0.20899681525549D+00
   1   2   2   1 -0.24604949001792D+01 -0.17029708047775D+00
   2   2   2   1 -0.27241860168250D+01  0.19822974916958D+01
   3   2   2   1 -0.24604948913732D+01 -0.17029707495740D+00
   1   1   3   1  0.38828007891519D+01  0.10111682124835D-06
   2   1   3   1  0.32086889801545D+01  0.20899657781668D+00
   3   1   3   1  0.71015820382427D+01 -0.41664321842896D-15
   1   2   3   1 -0.24377017374495D+01 -0.41680884724630D+00
   2   2   3   1 -0.24604939753325D+01 -0.17029699289400D+00
   3   2   3   1 -0.26917601973326D+01 -0.30533233016858D+01
   1   1   1   2 -0.26917602009628D+01  0.30533232792782D+01
   2   1   1   2 -0.24604939236673D+01  0.17029702490666D+00
   3   1   1   2 -0.24377017257301D+01  0.41680886227208D+00
   1   2   1   2  0.71016387481895D+01 -0.13860912674408D-14
   2   2   1   2  0.32087122013481D+01 -0.20899667091312D+00
   3   2   1   2  0.38828019756418D+01 -0.10964190341016D-06
   1   1   2   2 -0.24604949203631D+01  0.17029702272113D+00
   2   1   2   2 -0.27241860146090D+01 -0.19822974924055D+01
   3   1   2   2 -0.24604949183901D+01  0.17029702789125D+00
   1   2   2   2  0.32087104699319D+01  0.20899692363626D+00
   2   2   2   2  0.67522357540820D+01 -0.11006564480890D-15
   3   2   2   2  0.32087104870886D+01  0.20899692322885D+00
   1   1   3   2 -0.24377017324546D+01  0.41680885704764D+00
   2   1   3   2 -0.24604939479165D+01  0.17029704007985D+00
   3   1   3   2 -0.26917601973204D+01  0.30533233019407D+01
   1   2   3   2  0.38828019856541D+01 -0.99818530558375D-07
   2   2   3   2  0.32087121929520D+01 -0.20899668559203D+00
   3   2   3   2  0.71016387679316D+01 -0.41664321842895D-15
  
 2nd derivatives (non-stat.)  - # elements :      36
 qpt  5.00000000E-01 -2.50000000E-01  2.50000000E-01   1.0
   1   1   1   1  0.71988848068743D+01  0.34416573586836D-15
   2   1   1   1  0.35994362628268D+01  0.22116492410742D+00
   3   1   1   1  0.35994458740976D+01 -0.22116535196737D+00
   1   2   1   1  0.17877267310279D-06  0.75744863820676D-06
   2   2   1   1 -0.23206512764963D+01  0.42599119314202D-06
   3   2   1   1 -0.23206505347043D+01  0.28427336510599D-06
   1   1   2   1  0.35994395986067D+01 -0.22116483418190D+00
   2   1   2   1  0.67614168041931D+01  0.30427158438201D-16
   3   1   2   1  0.31620094988392D+01 -0.22116486082450D+00
   1   2   2   1 -0.23206488869920D+01  0.43142405071305D-05
   2   2   2   1 -0.23206533463239D+01  0.23206531392327D+01
   3   2   2   1 -0.23206490879477D+01  0.47013529361695D-05
   1   1   3   1  0.35994487834812D+01  0.22116506095993D+00
   2   1   3   1  0.31620094654707D+01  0.22116505319633D+00
   3   1   3   1  0.67614256413672D+01  0.22772475664334D-15
   1   2   3   1 -0.23206487634909D+01 -0.39953573087177D-05
   2   2   3   1 -0.23206492613598D+01 -0.46186031818273D-05
   3   2   3   1 -0.23206532126285D+01 -0.23206531391639D+01
   1   1   1   2  0.16272122562230D-06 -0.75139867289579D-06
   2   1   1   2 -0.23206513113715D+01 -0.40302799891847D-06
   3   1   1   2 -0.23206505742063D+01 -0.31596870073632D-06
   1   2   1   2  0.71988935220394D+01  0.34416573586836D-15
   2   2   1   2  0.35994465613358D+01 -0.22116501723803D+00
   3   2   1   2  0.35994471563889D+01  0.22116544486562D+00
   1   1   2   2 -0.23206488692698D+01 -0.43279228790023D-05
   2   1   2   2 -0.23206533513242D+01 -0.23206531355971D+01
   3   1   2   2 -0.23206490983610D+01 -0.47475258032837D-05
   1   2   2   2  0.35994498932742D+01  0.22116492330804D+00
   2   2   2   2  0.67614824652057D+01  0.30427158438201D-16
   3   2   2   2  0.31620327330610D+01  0.22116494977847D+00
   1   1   3   2 -0.23206487486372D+01  0.40159993994147D-05
   2   1   3   2 -0.23206492671872D+01  0.46642743454850D-05
   3   1   3   2 -0.23206532180202D+01  0.23206531311277D+01
   1   2   3   2  0.35994500657961D+01 -0.22116515308818D+00
   2   2   3   2  0.31620326996480D+01 -0.22116514452834D+00
   3   2   3   2  0.67614825134006D+01  0.22772475664334D-15
  
 2nd derivatives (non-stat.)  - # elements :      36
 qpt -2.50000000E-01 -2.50000000E-01  2.50000000E-01   1.0
   1   1   1   1  0.71016301010024D+01  0.14439655311621D-14
   2   1   1   1  0.38827916742769D+01 -0.82885356330242D-07
   3   1   1   1  0.32087109097404D+01 -0.20899656474299D+00
   1   2   1   1 -0.26917601907106D+01  0.30533233350316D+01
   2   2   1   1 -0.24377017283980D+01  0.41680889561355D+00
   3   2   1   1 -0.24604939555342D+01  0.17029699263690D+00
   1   1   2   1  0.38827916663192D+01 -0.12120571326042D-06
   2   1   2   1  0.71015732654506D+01  0.54684957874088D-16
   3   1   2   1  0.32086890541180D+01 -0.20899654945229D+00
   1   2   2   1 -0.24377017416935D+01  0.41680888877554D+00
   2   2   2   1 -0.26917602113615D+01  0.30533233465641D+01
   3   2   2   1 -0.24604939213244D+01  0.17029696885134D+00
   1   1   3   1  0.32087092273814D+01  0.20899677817137D+00
   2   1   3   1  0.32086872836278D+01  0.20899677772096D+00
   3   1   3   1  0.67521788832267D+01  0.25316587056633D-15
   1   2   3   1 -0.24604949244757D+01  0.17029712477260D+00
   2   2   3   1 -0.24604949238843D+01  0.17029710986186D+00
   3   2   3   1 -0.27241859285973D+01 -0.19822974185603D+01
   1   1   1   2 -0.26917601900298D+01 -0.30533233358950D+01
   2   1   1   2 -0.24377017280145D+01 -0.41680889499904D+00
   3   1   1   2 -0.24604939393575D+01 -0.17029706999532D+00
   1   2   1   2  0.71016387861380D+01  0.14439655311621D-14
   2   2   1   2  0.38828018727381D+01  0.84662928317395D-07
   3   2   1   2  0.32087122992030D+01  0.20899667354159D+00
   1   1   2   2 -0.24377017409928D+01 -0.41680888986828D+00
   2   1   2   2 -0.26917602113362D+01 -0.30533233463905D+01
   3   1   2   2 -0.24604939072867D+01 -0.17029702590818D+00
   1   2   2   2  0.38828018658186D+01  0.11988105941153D-06
   2   2   2   2  0.71016387684655D+01  0.54684957874087D-16
   3   2   2   2  0.32087122563876D+01  0.20899666117093D+00
   1   1   3   2 -0.24604949375944D+01 -0.17029704704111D+00
   2   1   3   2 -0.24604949402522D+01 -0.17029705486076D+00
   3   1   3   2 -0.27241859285468D+01  0.19822974193766D+01
   1   2   3   2  0.32087106149737D+01 -0.20899688868334D+00
   2   2   3   2  0.32087104889897D+01 -0.20899688904605D+00
   3   2   3   2  0.67522357615002D+01  0.25316587056632D-15
  
 2nd derivatives (non-stat.)  - # elements :      36
 qpt  0.00000000E+00  0.00000000E+00  5.00000000E-01   1.0
   1   1   1   1  0.68274677407752D+01  0.00000000000000D+00
   2   1   1   1  0.34137280099762D+01  0.13792011698019D-15
   3   1   1   1  0.34137370695302D+01 -0.95205375595260D-11
   1   2   1   1 -0.61271312258071D+01  0.98382719937882D-12
   2   2   1   1 -0.30635656418513D+01 -0.26944026460367D-11
   3   2   1   1 -0.30635656838756D+01  0.24240944576266D-10
   1   1   2   1  0.34137280227157D+01  0.15244955324189D-15
   2   1   2   1  0.68274109808996D+01  0.00000000000000D+00
   3   1   2   1  0.34137149728497D+01 -0.95233870262432D-11
   1   2   2   1 -0.30635656557976D+01 -0.26949352509841D-11
   2   2   2   1 -0.61271312587952D+01  0.98345152988396D-12
   3   2   2   1 -0.30635658729639D+01  0.24233251473202D-10
   1   1   3   1  0.34137372038460D+01  0.95181666836598D-11
   2   1   3   1  0.34137152636646D+01  0.95184133423105D-11
   3   1   3   1  0.78991845638908D+01  0.00000000000000D+00
   1   2   3   1 -0.30635647096922D+01 -0.51930372953951D-12
   2   2   3   1 -0.30635646694993D+01 -0.51929476474748D-12
   3   2   3   1 -0.16114477992583D+01  0.45866662357632D-10
   1   1   1   2 -0.61271312289176D+01 -0.98439375664932D-12
   2   1   1   2 -0.30635656425284D+01  0.26944911086479D-11
   3   1   1   2 -0.30635657214360D+01  0.52063340240970D-12
   1   2   1   2  0.68274764343791D+01  0.00000000000000D+00
   2   2   1   2  0.34137382991242D+01 -0.35012799430793D-15
   3   2   1   2  0.34137383407334D+01  0.77545113134747D-11
   1   1   2   2 -0.30635656595366D+01  0.26966720616923D-11
   2   1   2   2 -0.61271312629183D+01 -0.98527633806583D-12
   3   1   2   2 -0.30635658635722D+01  0.50777276852381D-12
   1   2   2   2  0.34137383134725D+01 -0.18813694187660D-14
   2   2   2   2  0.68274764887343D+01  0.00000000000000D+00
   3   2   2   2  0.34137380928849D+01  0.77441714881733D-11
   1   1   3   2 -0.30635646670981D+01 -0.24242443211209D-10
   2   1   3   2 -0.30635646642056D+01 -0.24241853861031D-10
   3   1   3   2 -0.16114477350201D+01 -0.45870101007039D-10
   1   2   3   2  0.34137384669628D+01 -0.77523645171119D-11
   2   2   3   2  0.34137383566059D+01 -0.77526764321518D-11
   3   2   3   2  0.78992411110340D+01  0.00000000000000D+00
  
 2nd derivatives (non-stat.)  - # elements :      36
 qpt  2.50000000E-01  0.00000000E+00  5.00000000E-01   1.0
   1   1   1   1  0.71016301059822D+01 -0.17747437409564D-14
   2   1   1   1  0.32188266431431D+01 -0.16649947161775D-08
   3   1   1   1  0.38929257267020D+01  0.20899652589852D+00
   1   2   1   1 -0.30533232991845D+01 -0.26917602253232D+01
   2   2   1   1 -0.26365144425925D+01 -0.25405847904911D+00
   3   2   1   1 -0.28830262473556D+01 -0.23126620096363D+00
   1   1   2   1  0.32188273366737D+01  0.30422230178038D-06
   2   1   2   1  0.64376091014319D+01 -0.31611790753074D-15
   3   1   2   1  0.32188145406609D+01  0.29205838042872D-06
   1   2   2   1 -0.26365148827859D+01 -0.25405831932613D+00
   2   2   2   1 -0.52730296810630D+01 -0.50811702604293D+00
   3   2   2   1 -0.26365152000552D+01 -0.25405819496194D+00
   1   1   3   1  0.38929268935217D+01 -0.20899757093115D+00
   2   1   3   1  0.32188137904026D+01  0.48336703459198D-07
   3   1   3   1  0.74363959846223D+01 -0.38592293685581D-15
   1   2   3   1 -0.28830257245168D+01 -0.23126574693423D+00
   2   2   3   1 -0.26365143884386D+01 -0.25405849525416D+00
   3   2   3   1 -0.73042914345136D+00 -0.49496007474747D+00
   1   1   1   2 -0.30533232991812D+01  0.26917602243704D+01
   2   1   1   2 -0.26365144318003D+01  0.25405848619226D+00
   3   1   1   2 -0.28830262418623D+01  0.23126623827626D+00
   1   2   1   2  0.71016387800071D+01 -0.17747437409564D-14
   2   2   1   2  0.32188370052174D+01  0.23661224613906D-08
   3   2   1   2  0.38929268589303D+01 -0.20899663193595D+00
   1   1   2   2 -0.26365148923353D+01  0.25405832598779D+00
   2   1   2   2 -0.52730296739152D+01  0.50811703109533D+00
   3   1   2   2 -0.26365152212012D+01  0.25405821146504D+00
   1   2   2   2  0.32188376901223D+01 -0.32509192524241D-06
   2   2   2   2  0.64376747505349D+01 -0.31611790753074D-15
   3   2   2   2  0.32188376881239D+01 -0.31702101586362D-06
   1   1   3   2 -0.28830257342031D+01  0.23126570958428D+00
   2   1   3   2 -0.26365143824027D+01  0.25405849480888D+00
   3   1   3   2 -0.73042915052113D+00  0.49496007217503D+00
   1   2   3   2  0.38929280359197D+01  0.20899768307064D+00
   2   2   3   2  0.32188369586703D+01 -0.48015495497738D-07
   3   2   3   2  0.74364526141938D+01 -0.38592293685583D-15
  
 2nd derivatives (non-stat.)  - # elements :      36
 qpt  5.00000000E-01  0.00000000E+00  5.00000000E-01   1.0
   1   1   1   1  0.77098830519368D+01  0.00000000000000D+00
   2   1   1   1  0.31478849579087D+01  0.73368761400524D-11
   3   1   1   1  0.45619964787811D+01 -0.14165977821351D-15
   1   2   1   1  0.42373465471150D-06  0.43518923415467D-10
   2   2   1   1 -0.25367816771593D+01 -0.53125017623415D-12
   3   2   1   1 -0.25367803458454D+01  0.13805333197928D-10
   1   1   2   1  0.31478844645471D+01 -0.76324549625017D-11
   2   1   2   1  0.62957244386322D+01  0.00000000000000D+00
   3   1   2   1  0.31478682986004D+01 -0.76315127113569D-11
   1   2   2   1 -0.25367778343535D+01  0.26187773291159D-10
   2   2   2   1 -0.50735619021269D+01  0.38105020405087D-11
   3   2   2   1 -0.25367812651216D+01  0.26185448930807D-10
   1   1   3   1  0.45619958711999D+01  0.62117909613191D-15
   2   1   3   1  0.31478714712747D+01  0.73364759105260D-11
   3   1   3   1  0.77098350816822D+01  0.00000000000000D+00
   1   2   3   1 -0.25367801361969D+01  0.13802945846000D-10
   2   2   3   1 -0.25367810594619D+01 -0.53118379785356D-12
   3   2   3   1  0.13522440792075D-05  0.43514777976195D-10
   1   1   1   2  0.39730362285867D-06 -0.43519353035783D-10
   2   1   1   2 -0.25367816632074D+01 -0.26780202801164D-10
   3   1   1   2 -0.25367803954131D+01 -0.13807072234973D-10
   1   2   1   2  0.77098915518655D+01  0.00000000000000D+00
   2   2   1   2  0.31478953453180D+01 -0.61641428866838D-11
   3   2   1   2  0.45619974354356D+01  0.29268568455369D-15
   1   1   2   2 -0.25367775179174D+01  0.93755774691561D-12
   2   1   2   2 -0.50735618911565D+01 -0.38107802453774D-11
   3   1   2   2 -0.25367808933481D+01  0.93529495247557D-12
   1   2   2   2  0.31478949980811D+01  0.63388970100623D-11
   2   2   2   2  0.62957901559612D+01  0.00000000000000D+00
   3   2   2   2  0.31478916927066D+01  0.63350622898941D-11
   1   1   3   2 -0.25367801073979D+01 -0.13805669692475D-10
   2   1   3   2 -0.25367810524758D+01 -0.26779498163283D-10
   3   1   3   2  0.13613943064256D-05 -0.43517333874018D-10
   1   2   3   2  0.45619968142092D+01  0.16963560346651D-14
   2   2   3   2  0.31478946758008D+01 -0.61641695850571D-11
   3   2   3   2  0.77098915872308D+01  0.00000000000000D+00
  
 2nd derivatives (non-stat.)  - # elements :      36
 qpt  0.00000000E+00  2.50000000E-01  5.00000000E-01   1.0
   1   1   1   1  0.64376656643227D+01 -0.13798689535136D-15
   2   1   1   1  0.32188267839116D+01 -0.11029277767937D-06
   3   1   1   1  0.32188359633353D+01  0.47095153674968D-06
   1   2   1   1 -0.52730294807217D+01 -0.50811700136336D+00
   2   2   1   1 -0.26365144193236D+01 -0.25405887105682D+00
   3   2   1   1 -0.26365140944003D+01 -0.25405813935851D+00
   1   1   2   1  0.32188266323764D+01  0.67188714074143D-08
   2   1   2   1  0.71015733116992D+01  0.13433266244250D-15
   3   1   2   1  0.38929038511798D+01  0.20899657971977D+00
   1   2   2   1 -0.26365144681032D+01 -0.25405847523025D+00
   2   2   2   1 -0.30533232991942D+01 -0.26917602285994D+01
   3   2   2   1 -0.28830262081880D+01 -0.23126613571834D+00
   1   1   3   1  0.32188357209974D+01  0.59886127709145D-07
   2   1   3   1  0.38929049282582D+01 -0.20899755351180D+00
   3   1   3   1  0.74363959730004D+01  0.29373003526573D-16
   1   2   3   1 -0.26365144421827D+01 -0.25405850124555D+00
   2   2   3   1 -0.28830257296791D+01 -0.23126574568569D+00
   3   2   3   1 -0.73042916467925D+00 -0.49496006092379D+00
   1   1   1   2 -0.52730294788574D+01  0.50811700297987D+00
   2   1   1   2 -0.26365144324140D+01  0.25405886520461D+00
   3   1   1   2 -0.26365141239827D+01  0.25405814511195D+00
   1   2   1   2  0.64376745098258D+01 -0.13798689535136D-15
   2   2   1   2  0.32188371466942D+01  0.10586760606877D-06
   3   2   1   2  0.32188373202249D+01 -0.47821792829419D-06
   1   1   2   2 -0.26365144550125D+01  0.25405848382714D+00
   2   1   2   2 -0.30533232994912D+01  0.26917602285996D+01
   3   1   2   2 -0.28830261697684D+01  0.23126615610163D+00
   1   2   2   2  0.32188369983140D+01 -0.44926448524915D-08
   2   2   2   2  0.71016388111821D+01  0.13433266244250D-15
   3   2   2   2  0.38929268245483D+01 -0.20899668992868D+00
   1   1   3   2 -0.26365144110289D+01  0.25405849698744D+00
   2   1   3   2 -0.28830257692883D+01  0.23126572768872D+00
   3   1   3   2 -0.73042916373341D+00  0.49496006096099D+00
   1   2   3   2  0.32188370792085D+01 -0.56727526671947D-07
   2   2   3   2  0.38929279026064D+01  0.20899766446025D+00
   3   2   3   2  0.74364526208448D+01  0.29373003526574D-16
  
 2nd derivatives (non-stat.)  - # elements :      36
 qpt  2.50000000E-01  2.50000000E-01  5.00000000E-01   1.0
   1   1   1   1  0.70869565583327D+01 -0.16571824331519D-14
   2   1   1   1  0.37860721072378D+01  0.11069196458156D-05
   3   1   1   1  0.35637319780575D+01  0.18751434593005D+00
   1   2   1   1 -0.22857627162566D+01 -0.34705222124061D+01
   2   2   1   1 -0.22857627293335D+01 -0.70516861024413D+00
   3   2   1   1 -0.22857634922603D+01 -0.46101199750277D+00
   1   1   2   1  0.37860721079307D+01  0.11014872380698D-05
   2   1   2   1  0.70868997535653D+01  0.15986770889593D-16
   3   1   2   1  0.35637100600863D+01  0.18751432401273D+00
   1   2   2   1 -0.22857627173933D+01 -0.70516861042759D+00
   2   2   2   1 -0.22857626972152D+01 -0.34705222345799D+01
   3   2   2   1 -0.22857634628608D+01 -0.46101200052275D+00
   1   1   3   1  0.35637338019622D+01 -0.18751223707486D+00
   2   1   3   1  0.35637118694024D+01 -0.18751222859099D+00
   3   1   3   1  0.71274130719382D+01 -0.37562440775909D-15
   1   2   3   1 -0.22857611934047D+01 -0.46100888902764D+00
   2   2   3   1 -0.22857611669042D+01 -0.46100888116939D+00
   3   2   3   1 -0.24665903815441D-07 -0.92201776351000D+00
   1   1   1   2 -0.22857627164430D+01  0.34705222124841D+01
   2   1   1   2 -0.22857627294968D+01  0.70516861028683D+00
   3   1   1   2 -0.22857634355060D+01  0.46101201870183D+00
   1   2   1   2  0.70869652490783D+01 -0.16571824331519D-14
   2   2   1   2  0.37860823488349D+01 -0.11085889440144D-05
   3   2   1   2  0.35637332677326D+01 -0.18751448455798D+00
   1   1   2   2 -0.22857627173968D+01  0.70516861070122D+00
   2   1   2   2 -0.22857626973134D+01  0.34705222348065D+01
   3   1   2   2 -0.22857633858083D+01  0.46101200609487D+00
   1   2   2   2  0.37860823497460D+01 -0.11004202896639D-05
   2   2   2   2  0.70869652575586D+01  0.15986770889594D-16
   3   2   2   2  0.35637331633083D+01 -0.18751446290753D+00
   1   1   3   2 -0.22857612432696D+01  0.46100887054504D+00
   2   1   3   2 -0.22857612362925D+01  0.46100887674188D+00
   3   1   3   2 -0.87108318968586D-08  0.92201776717919D+00
   1   2   3   2  0.35637350876224D+01  0.18751237951910D+00
   2   2   3   2  0.35637349671753D+01  0.18751237144046D+00
   3   2   3   2  0.71274698319497D+01 -0.37562440775908D-15
  
 2nd derivatives (non-stat.)  - # elements :      36
 qpt  5.00000000E-01  2.50000000E-01  5.00000000E-01   1.0
   1   1   1   1  0.74364440055875D+01  0.13906626474823D-15
   2   1   1   1  0.35435145166315D+01 -0.20899541851197D+00
   3   1   1   1  0.42176147551739D+01  0.21814013264751D-05
   1   2   1   1  0.73042909512339D+00 -0.49496003773279D+00
   2   2   1   1 -0.21525965892486D+01 -0.26369429743804D+00
   3   2   1   1 -0.19060852916944D+01 -0.24090155247899D+00
   1   1   2   1  0.35435150420533D+01  0.20899572313523D+00
   2   1   2   1  0.67521700919408D+01 -0.29448806873801D-15
   3   1   2   1  0.35435022486116D+01  0.20899572279174D+00
   1   2   2   1 -0.21525945654221D+01 -0.26369110575011D+00
   2   2   2   1 -0.19822974880956D+01 -0.27241860109972D+01
   3   2   2   1 -0.21525945609334D+01 -0.26369111404142D+00
   1   1   3   1  0.42176147660420D+01  0.22628532717079D-05
   2   1   3   1  0.35435016604348D+01 -0.20899535903877D+00
   3   1   3   1  0.74363959489274D+01 -0.96591490619635D-16
   1   2   3   1 -0.19060852122163D+01 -0.24090154672654D+00
   2   2   3   1 -0.21525965283537D+01 -0.26369433579965D+00
   3   2   3   1  0.73042919898770D+00 -0.49496005577299D+00
   1   1   1   2  0.73042909569035D+00  0.49496003827537D+00
   2   1   1   2 -0.21525966157875D+01  0.26369430552381D+00
   3   1   1   2 -0.19060852985829D+01  0.24090155119285D+00
   1   2   1   2  0.74364526203149D+01  0.13906626474823D-15
   2   2   1   2  0.35435248336634D+01  0.20899552379761D+00
   3   2   1   2  0.42176158721853D+01 -0.21864734101456D-05
   1   1   2   2 -0.21525945382195D+01  0.26369109829232D+00
   2   1   2   2 -0.19822974880615D+01  0.27241860104586D+01
   3   1   2   2 -0.21525945285698D+01  0.26369109443911D+00
   1   2   2   2  0.35435253599039D+01 -0.20899582973965D+00
   2   2   2   2  0.67522357522969D+01 -0.29448806873801D-15
   3   2   2   2  0.35435253770467D+01 -0.20899583220113D+00
   1   1   3   2 -0.19060852037812D+01  0.24090154772806D+00
   2   1   3   2 -0.21525965600495D+01  0.26369435503233D+00
   3   1   3   2  0.73042919947186D+00  0.49496005546199D+00
   1   2   3   2  0.42176158829620D+01 -0.22604469306345D-05
   2   2   3   2  0.35435247886095D+01  0.20899546887497D+00
   3   2   3   2  0.74364525991892D+01 -0.96591490619636D-16
  
 2nd derivatives (non-stat.)  - # elements :      36
 qpt -2.50000000E-01  2.50000000E-01  5.00000000E-01   1.0
   1   1   1   1  0.67614737123137D+01  0.17783993088820D-14
   2   1   1   1  0.31620221908826D+01 -0.22116515557871D+00
   3   1   1   1  0.35994487246456D+01 -0.22116508079596D+00
   1   2   1   1 -0.23206531654884D+01  0.23206532627807D+01
   2   2   1   1 -0.23206493015469D+01  0.45351668440865D-05
   3   2   1   1 -0.23206486133319D+01  0.39183284772687D-05
   1   1   2   1  0.31620222114521D+01  0.22116494683682D+00
   2   1   2   1  0.67614168415595D+01 -0.23501365228065D-15
   3   1   2   1  0.35994267327396D+01  0.22116492873439D+00
   1   2   2   1 -0.23206489902791D+01 -0.44931852192202D-05
   2   2   2   1 -0.23206531869966D+01 -0.23206533125982D+01
   3   2   2   1 -0.23206485300858D+01 -0.41583240415208D-05
   1   1   3   1  0.35994455675080D+01  0.22116502958844D+00
   2   1   3   1  0.35994237651131D+01 -0.22116530288712D+00
   3   1   3   1  0.71988367734177D+01  0.32850051067303D-15
   1   2   3   1 -0.23206506274900D+01 -0.98323538518088D-07
   2   2   3   1 -0.23206512167237D+01 -0.31696744045164D-06
   3   2   3   1  0.22910501442253D-06 -0.42650196243059D-06
   1   1   1   2 -0.23206531626036D+01 -0.23206532609918D+01
   2   1   1   2 -0.23206493131245D+01 -0.45889989230582D-05
   3   1   1   2 -0.23206486053705D+01 -0.39289146731735D-05
   1   2   1   2  0.67614825585849D+01  0.17783993088820D-14
   2   2   1   2  0.31620326193293D+01  0.22116524745743D+00
   3   2   1   2  0.35994500159239D+01  0.22116517684655D+00
   1   1   2   2 -0.23206489897576D+01  0.45481392707622D-05
   2   1   2   2 -0.23206531900156D+01  0.23206533103639D+01
   3   1   2   2 -0.23206485039732D+01  0.41609658060945D-05
   1   2   2   2  0.31620326388396D+01 -0.22116503422045D+00
   2   2   2   2  0.67614825025539D+01 -0.23501365228065D-15
   3   2   2   2  0.35994498426057D+01 -0.22116501358059D+00
   1   1   3   2 -0.23206506537667D+01  0.12848570150364D-06
   2   1   3   2 -0.23206512587792D+01  0.30557451540097D-06
   3   1   3   2  0.20308279266682D-06  0.42175335352032D-06
   1   2   3   2  0.35994468523413D+01 -0.22116512441771D+00
   2   2   3   2  0.35994468788394D+01  0.22116538759530D+00
   3   2   3   2  0.71988935242495D+01  0.32850051067302D-15
  
 2nd derivatives (non-stat.)  - # elements :      36
 qpt  0.00000000E+00  5.00000000E-01  5.00000000E-01   1.0
   1   1   1   1  0.62957761479259D+01  0.00000000000000D+00
   2   1   1   1  0.31478811745761D+01 -0.73338915642902D-11
   3   1   1   1  0.31478908728919D+01 -0.73346633129334D-11
   1   2   1   1 -0.50735562286966D+01  0.38075031525887D-11
   2   2   1   1 -0.25367769118078D+01  0.26777909086623D-10
   3   2   1   1 -0.25367765022431D+01  0.26778782499495D-10
   1   1   2   1  0.31478848201380D+01  0.73369676553881D-11
   2   1   2   1  0.77098262288959D+01  0.00000000000000D+00
   3   1   2   1  0.45619745054129D+01  0.36789117925793D-15
   1   2   2   1 -0.25367817014822D+01 -0.53320545283808D-12
   2   2   2   1 -0.99040077813709D-06  0.43517847942172D-10
   3   2   2   1 -0.25367819122702D+01  0.13802757708663D-10
   1   1   3   1  0.31478937216279D+01  0.73375147796206D-11
   2   1   3   1  0.45619743273835D+01  0.11621520496378D-14
   3   1   3   1  0.77098350859020D+01  0.00000000000000D+00
   1   2   3   1 -0.25367814736386D+01 -0.53282966146785D-12
   2   2   3   1 -0.25367823205869D+01  0.13802950118929D-10
   3   2   3   1 -0.12475299174545D-05  0.43518095850430D-10
   1   1   1   2 -0.50735562653402D+01 -0.38076204657106D-11
   2   1   1   2 -0.25367770094457D+01  0.53644148964127D-12
   3   1   1   2 -0.25367766020545D+01  0.53124292857083D-12
   1   2   1   2  0.62957851121169D+01  0.00000000000000D+00
   2   2   1   2  0.31478916393100D+01  0.61614578319304D-11
   3   2   1   2  0.31478923476804D+01  0.61588438746004D-11
   1   1   2   2 -0.25367816443644D+01 -0.26777103185398D-10
   2   1   2   2 -0.10507773427431D-05 -0.43516758034690D-10
   3   1   2   2 -0.25367819501362D+01 -0.13802617213332D-10
   1   2   2   2  0.31478951847420D+01 -0.61647350390973D-11
   2   2   2   2  0.77098914627633D+01  0.00000000000000D+00
   3   2   2   2  0.45619972197768D+01  0.33629476873408D-15
   1   1   3   2 -0.25367814203080D+01 -0.26778356807866D-10
   2   1   3   2 -0.25367823024004D+01 -0.13803472605917D-10
   3   1   3   2 -0.12418304388746D-05 -0.43518997638771D-10
   1   2   3   2  0.31478951096673D+01 -0.61650252893765D-11
   2   2   3   2  0.45619970845432D+01 -0.28274398335980D-15
   3   2   3   2  0.77098915840009D+01  0.00000000000000D+00
  
 2nd derivatives (non-stat.)  - # elements :      36
 qpt  2.50000000E-01  5.00000000E-01  5.00000000E-01   1.0
   1   1   1   1  0.67522268848727D+01 -0.18578102769637D-14
   2   1   1   1  0.35435150397320D+01  0.20899567585206D+00
   3   1   1   1  0.35435241751241D+01  0.20899567573398D+00
   1   2   1   1 -0.19822974934776D+01 -0.27241859830754D+01
   2   2   1   1 -0.21525945528794D+01 -0.26369108912024D+00
   3   2   1   1 -0.21525945428311D+01 -0.26369108331810D+00
   1   1   2   1  0.35435144892758D+01 -0.20899539480612D+00
   2   1   2   1  0.74363872015977D+01  0.19649205994834D-15
   3   1   2   1  0.42175928340023D+01  0.22242029609214D-05
   1   2   2   1 -0.21525965769860D+01 -0.26369432533891D+00
   2   2   2   1  0.73042912960390D+00 -0.49496005648842D+00
   3   2   2   1 -0.19060852484078D+01 -0.24090154862273D+00
   1   1   3   1  0.35435235389203D+01 -0.20899532216932D+00
   2   1   3   1  0.42175928539797D+01  0.23123494098165D-05
   3   1   3   1  0.74363959503285D+01 -0.31685555730254D-15
   1   2   3   1 -0.21525964616228D+01 -0.26369435959064D+00
   2   2   3   1 -0.19060851045500D+01 -0.24090149123771D+00
   3   2   3   1  0.73042924510312D+00 -0.49496001602403D+00
   1   1   1   2 -0.19822974938106D+01  0.27241859825427D+01
   2   1   1   2 -0.21525945309729D+01  0.26369108394674D+00
   3   1   1   2 -0.21525945346970D+01  0.26369108136308D+00
   1   2   1   2  0.67522357316587D+01 -0.18578102769637D-14
   2   2   1   2  0.35435253506706D+01 -0.20899577938736D+00
   3   2   1   2  0.35435254881946D+01 -0.20899578523648D+00
   1   1   2   2 -0.21525966092873D+01  0.26369432888112D+00
   2   1   2   2  0.73042912146516D+00  0.49496006364875D+00
   3   1   2   2 -0.19060852669205D+01  0.24090155459307D+00
   1   2   2   2  0.35435248051002D+01  0.20899550247678D+00
   2   2   2   2  0.74364526153270D+01  0.19649205994834D-15
   3   2   2   2  0.42176157531366D+01 -0.22260318037831D-05
   1   1   3   2 -0.21525964744040D+01  0.26369436346739D+00
   2   1   3   2 -0.19060851023277D+01  0.24090149851797D+00
   3   1   3   2  0.73042924004765D+00  0.49496002226561D+00
   1   2   3   2  0.35435248522757D+01  0.20899543042254D+00
   2   2   3   2  0.42176157751189D+01 -0.23068374299253D-05
   3   2   3   2  0.74364525824984D+01 -0.31685555730256D-15
  
 2nd derivatives (non-stat.)  - # elements :      36
 qpt  5.00000000E-01  5.00000000E-01  5.00000000E-01   1.0
   1   1   1   1  0.78992324612613D+01  0.00000000000000D+00
   2   1   1   1  0.44854923962942D+01 -0.15052989027878D-13
   3   1   1   1  0.44855016029610D+01 -0.15054777846110D-13
   1   2   1   1  0.16114478347706D+01  0.55474330885754D-10
   2   2   1   1 -0.14521169839283D+01  0.21141015915044D-10
   3   2   1   1 -0.14521169113628D+01  0.21142283459552D-10
   1   1   2   1  0.44854923570071D+01 -0.16450052525382D-13
   2   1   2   1  0.78991755688945D+01  0.00000000000000D+00
   3   1   2   1  0.44854796898404D+01 -0.15966864504575D-13
   1   2   2   1 -0.14521168619131D+01  0.21142334461448D-10
   2   2   2   1  0.16114479499184D+01  0.55479019064412D-10
   3   2   2   1 -0.14521166924421D+01  0.21143260632089D-10
   1   1   3   1  0.44855014439111D+01 -0.14243416687282D-13
   2   1   3   1  0.44854795915791D+01 -0.14114583824727D-13
   3   1   3   1  0.78991843440686D+01  0.00000000000000D+00
   1   2   3   1 -0.14521168818759D+01  0.21140556099161D-10
   2   2   3   1 -0.14521167879257D+01  0.21139939560251D-10
   3   2   3   1  0.16114479963702D+01  0.55473984946877D-10
   1   1   1   2  0.16114478491782D+01 -0.55470189420326D-10
   2   1   1   2 -0.14521169695198D+01 -0.21135290334538D-10
   3   1   1   2 -0.14521169059065D+01 -0.21137848288232D-10
   1   2   1   2  0.78992408634784D+01  0.00000000000000D+00
   2   2   1   2  0.44855023641630D+01  0.94612884640420D-14
   3   2   1   2  0.44855025798106D+01  0.90200204311734D-14
   1   1   2   2 -0.14521168642352D+01 -0.21141827923742D-10
   2   1   2   2  0.16114479577066D+01 -0.55477092549675D-10
   3   1   2   2 -0.14521166928209D+01 -0.21142104487283D-10
   1   2   2   2  0.44855023241027D+01  0.16819900847980D-13
   2   2   2   2  0.78992407731364D+01  0.00000000000000D+00
   3   2   2   2  0.44855024761419D+01  0.15751316340148D-13
   1   1   3   2 -0.14521168767207D+01 -0.21144028214394D-10
   2   1   3   2 -0.14521167738872D+01 -0.21143357841881D-10
   3   1   3   2  0.16114479926004D+01 -0.55478200418320D-10
   1   2   3   2  0.44855024387099D+01  0.18490640576452D-13
   2   2   3   2  0.44855023941306D+01  0.16482417629210D-13
   3   2   3   2  0.78992407890666D+01  0.00000000000000D+00

 List of bloks and their characteristics 
  
 2nd derivatives (non-stat.)  - # elements :      36
 qpt -2.50000000E-01  2.50000000E-01  2.50000000E-01   1.0
  
 2nd derivatives (non-stat.)  - # elements :      36
 qpt  0.00000000E+00  5.00000000E-01  2.50000000E-01   1.0
  
 2nd derivatives (non-stat.)  - # elements :      36
 qpt  2.50000000E-01  5.00000000E-01  2.50000000E-01   1.0
  
 2nd derivatives (non-stat.)  - # elements :      36
 qpt  5.00000000E-01  5.00000000E-01  2.50000000E-01   1.0
  
 2nd derivatives (non-stat.)  - # elements :      36
 qpt -2.50000000E-01  5.00000000E-01  2.50000000E-01   1.0
  
 2nd derivatives (non-stat.)  - # elements :      36
 qpt  0.00000000E+00 -2.50000000E-01  2.50000000E-01   1.0
  
 2nd derivatives (non-stat.)  - # elements :      36
 qpt  2.50000000E-01 -2.50000000E-01  2.50000000E-01   1.0
  
 2nd derivatives (non-stat.)  - # elements :      36
 qpt  5.00000000E-01 -2.50000000E-01  2.50000000E-01   1.0
  
 2nd derivatives (non-stat.)  - # elements :      36
 qpt -2.50000000E-01 -2.50000000E-01  2.50000000E-01   1.0
  
 2nd derivatives (non-stat.)  - # elements :      36
 qpt  0.00000000E+00  0.00000000E+00  5.00000000E-01   1.0
  
 2nd derivatives (non-stat.)  - # elements :      36
 qpt  2.50000000E-01  0.00000000E+00  5.00000000E-01   1.0
  
 2nd derivatives (non-stat.)  - # elements :      36
 qpt  5.00000000E-01  0.00000000E+00  5.00000000E-01   1.0
  
 2nd derivatives (non-stat.)  - # elements :      36
 qpt  0.00000000E+00  2.50000000E-01  5.00000000E-01   1.0
  
 2nd derivatives (non-stat.)  - # elements :      36
 qpt  2.50000000E-01  2.50000000E-01  5.00000000E-01   1.0
  
 2nd derivatives (non-stat.)  - # elements :      36
 qpt  5.00000000E-01  2.50000000E-01  5.00000000E-01   1.0
  
 2nd derivatives (non-stat.)  - # elements :      36
 qpt -2.50000000E-01  2.50000000E-01  5.00000000E-01   1.0
  
 2nd derivatives (non-stat.)  - # elements :      36
 qpt  0.00000000E+00  5.00000000E-01  5.00000000E-01   1.0
  
 2nd derivatives (non-stat.)  - # elements :      36
 qpt  2.50000000E-01  5.00000000E-01  5.00000000E-01   1.0
  
 2nd derivatives (non-stat.)  - # elements :      36
 qpt  5.00000000E-01  5.00000000E-01  5.00000000E-01   1.0
