 Fermi (or HOMO) energy (hartree) =   2.38696   Average Vxc (hartree)=  -0.93865
 Eigenvalues (hartree) for nkpt=   1  k points:
 kpt#   1, nband= 90, wtk=  1.00000, kpt=  0.2500  0.2500  0.2500 (reduced coord)
  -0.81239   -0.74974   -0.72817   -0.68318   -0.28555   -0.26992   -0.17804   -0.17508
  -0.12259   -0.09611   -0.05602   -0.01997    0.00283    0.05561    0.06345    0.10841
   0.20616    0.32650    0.34071    0.46450    0.48412    0.52075    0.58911    0.63883
   0.67475    0.68329    0.71153    0.75975    0.78401    0.80583    0.82468    0.84713
   0.84816    0.88918    0.93011    0.96089    0.98583    1.01632    1.04390    1.05820
   1.13694    1.16329    1.19911    1.23219    1.25524    1.30947    1.34799    1.38313
   1.41358    1.45216    1.48191    1.53821    1.59772    1.61606    1.67549    1.69908
   1.72145    1.78804    1.79449    1.81079    1.81979    1.88381    1.90046    1.92151
   1.93444    1.99193    2.01084    2.07942    2.10900    2.15295    2.17586    2.20247
   2.21349    2.24131    2.25179    2.25899    2.27649    2.30842    2.35447    2.38696
   2.41447    2.44253    2.45393    2.48087    2.49297    2.50147    2.53773    2.56219
   2.58156    2.60065
